1.005000000000000000e+02 1.099481153956840006e-04
1.015000000000000000e+02 9.207927684069663139e-05
1.025000000000000000e+02 8.889025209990223070e-05
1.035000000000000000e+02 9.976596961927562191e-05
1.045000000000000000e+02 1.056067516122852462e-04
1.055000000000000000e+02 9.867325799038028863e-05
1.065000000000000000e+02 9.173199860318315601e-05
1.075000000000000000e+02 9.896211605969265082e-05
1.085000000000000000e+02 8.454536247026056420e-05
1.095000000000000000e+02 8.601457959958708189e-05
1.105000000000000000e+02 9.399303782311831438e-05
1.115000000000000000e+02 9.834180883960836749e-05
1.125000000000000000e+02 8.564249232821773540e-05
1.135000000000000000e+02 8.643941661340408418e-05
1.145000000000000000e+02 9.734289304869375595e-05
1.155000000000000000e+02 8.732027812187357848e-05
1.165000000000000000e+02 8.034970482357125111e-05
1.175000000000000000e+02 8.687938427828620000e-05
1.185000000000000000e+02 9.291182081377765626e-05
1.195000000000000000e+02 8.521866109191188166e-05
1.205000000000000000e+02 8.502133413002422452e-05
1.215000000000000000e+02 9.347358603055275694e-05
1.225000000000000000e+02 8.334722976034765625e-05
1.235000000000000000e+02 7.968155534534718070e-05
1.245000000000000000e+02 8.134055189704632381e-05
1.255000000000000000e+02 7.982706927861918432e-05
1.265000000000000000e+02 1.035543130204528246e-04
1.275000000000000000e+02 9.129665728588080788e-05
1.285000000000000000e+02 7.635204456834245544e-05
1.295000000000000000e+02 8.132625938904790655e-05
1.305000000000000000e+02 8.328843053125546876e-05
1.315000000000000000e+02 8.499740066150892042e-05
1.325000000000000000e+02 9.989764375030661084e-05
1.335000000000000000e+02 8.047134162420163368e-05
1.345000000000000000e+02 7.795948344203246282e-05
1.355000000000000000e+02 7.804021429578075113e-05
1.365000000000000000e+02 7.506589109098171070e-05
1.375000000000000000e+02 7.561118802549089332e-05
1.385000000000000000e+02 7.897633748589824717e-05
1.395000000000000000e+02 8.837516891679569170e-05
1.405000000000000000e+02 8.593492981024992029e-05
1.415000000000000000e+02 7.360351441363249282e-05
1.425000000000000000e+02 7.366504650793025870e-05
1.435000000000000000e+02 7.974864499076000273e-05
1.445000000000000000e+02 7.270369152372689711e-05
1.455000000000000000e+02 7.852392003706062235e-05
1.465000000000000000e+02 7.472138851899793027e-05
1.475000000000000000e+02 7.148557338182465637e-05
1.485000000000000000e+02 8.394634935292755347e-05
1.495000000000000000e+02 8.316509182514524631e-05
1.505000000000000000e+02 9.474990443152062655e-05
1.515000000000000000e+02 7.966492608144334409e-05
1.525000000000000000e+02 7.088760278774760106e-05
1.535000000000000000e+02 8.372066683139925327e-05
1.545000000000000000e+02 6.791769668094124258e-05
1.555000000000000000e+02 7.090612375441158674e-05
1.565000000000000000e+02 7.035322191974276369e-05
1.575000000000000000e+02 7.778908847641222851e-05
1.585000000000000000e+02 6.740269143051366338e-05
1.595000000000000000e+02 6.646076562516459629e-05
1.605000000000000000e+02 7.505675299715027708e-05
1.615000000000000000e+02 7.750563392889227364e-05
1.625000000000000000e+02 7.815136543890448338e-05
1.635000000000000000e+02 7.199069740965100526e-05
1.645000000000000000e+02 6.905707043582943701e-05
1.655000000000000000e+02 6.702584205475165349e-05
1.665000000000000000e+02 7.102614277200570536e-05
1.675000000000000000e+02 7.296613177833082052e-05
1.685000000000000000e+02 7.040044739531150261e-05
1.695000000000000000e+02 6.981865412735501234e-05
1.705000000000000000e+02 8.610027734978284854e-05
1.715000000000000000e+02 7.034923511694009105e-05
1.725000000000000000e+02 6.263390995248309574e-05
1.735000000000000000e+02 7.667499063424777403e-05
1.745000000000000000e+02 6.581244130365575414e-05
1.755000000000000000e+02 6.433169204602808629e-05
1.765000000000000000e+02 6.268832003394938092e-05
1.775000000000000000e+02 7.603310263255060606e-05
1.785000000000000000e+02 6.329232090321603127e-05
1.795000000000000000e+02 6.830253027494945011e-05
1.805000000000000000e+02 6.777800889827202593e-05
1.815000000000000000e+02 6.624102836738052528e-05
1.825000000000000000e+02 6.092245419416232577e-05
1.835000000000000000e+02 7.350965094601259113e-05
1.845000000000000000e+02 6.771184698014993161e-05
1.855000000000000000e+02 6.682508911159243848e-05
1.865000000000000000e+02 6.234534981502311301e-05
1.875000000000000000e+02 6.361732548540332990e-05
1.885000000000000000e+02 7.099919958674391716e-05
1.895000000000000000e+02 6.708498903934820626e-05
1.905000000000000000e+02 6.420168692875732940e-05
1.915000000000000000e+02 6.659655832386367463e-05
1.925000000000000000e+02 6.599339696609683801e-05
1.935000000000000000e+02 6.024286105429355710e-05
1.945000000000000000e+02 6.536221484780808477e-05
1.955000000000000000e+02 5.679292511241233575e-05
1.965000000000000000e+02 6.396042277491653357e-05
1.975000000000000000e+02 6.089556920438870668e-05
1.985000000000000000e+02 5.952926871965408473e-05
1.995000000000000000e+02 5.883113575917564976e-05
2.005000000000000000e+02 6.044752434979424872e-05
2.015000000000000000e+02 6.087381347336391066e-05
2.025000000000000000e+02 7.205270822189385749e-05
2.035000000000000000e+02 5.935750148790679836e-05
2.045000000000000000e+02 5.354406380672107040e-05
2.055000000000000000e+02 5.790835252687833693e-05
2.065000000000000000e+02 5.963380392883343268e-05
2.075000000000000000e+02 5.410868323064867006e-05
2.085000000000000000e+02 6.684511351151427620e-05
2.095000000000000000e+02 5.392375863423709380e-05
2.105000000000000000e+02 6.021052918483696994e-05
2.115000000000000000e+02 5.461760335354151505e-05
2.125000000000000000e+02 5.444254642484386752e-05
2.135000000000000000e+02 5.541816342762041216e-05
2.145000000000000000e+02 5.687278153500318397e-05
2.155000000000000000e+02 5.813991465096706688e-05
2.165000000000000000e+02 6.332586404896633548e-05
2.175000000000000000e+02 6.215086980438190090e-05
2.185000000000000000e+02 6.085759257041962333e-05
2.195000000000000000e+02 5.656564263981560074e-05
2.205000000000000000e+02 5.452578379026887077e-05
2.215000000000000000e+02 6.028121841244815589e-05
2.225000000000000000e+02 5.324003655737331083e-05
2.235000000000000000e+02 5.382198963686803762e-05
2.245000000000000000e+02 5.354014374344810587e-05
2.255000000000000000e+02 5.080079970870500679e-05
2.265000000000000000e+02 5.602258465280583689e-05
2.275000000000000000e+02 5.919950811041149329e-05
2.285000000000000000e+02 4.987240742978446957e-05
2.295000000000000000e+02 5.171338363414011870e-05
2.305000000000000000e+02 4.942012981846573521e-05
2.315000000000000000e+02 5.197880537452414027e-05
2.325000000000000000e+02 5.796540552730764840e-05
2.335000000000000000e+02 5.517040289384812112e-05
2.345000000000000000e+02 6.223077772866450182e-05
2.355000000000000000e+02 6.120529762881701265e-05
2.365000000000000000e+02 6.219417880319220385e-05
2.375000000000000000e+02 6.280501025031945232e-05
2.385000000000000000e+02 6.410388764540633484e-05
2.395000000000000000e+02 6.161190056005582533e-05
2.405000000000000000e+02 5.967089180309833788e-05
2.415000000000000000e+02 6.102852360496847787e-05
2.425000000000000000e+02 6.045103914530630093e-05
2.435000000000000000e+02 5.363049440087156057e-05
2.445000000000000000e+02 4.880939943576214198e-05
2.455000000000000000e+02 5.620130938540431227e-05
2.465000000000000000e+02 4.799957129828838612e-05
2.475000000000000000e+02 5.018818705150165585e-05
2.485000000000000000e+02 5.412935613308159181e-05
2.495000000000000000e+02 4.647919577588783120e-05
2.505000000000000000e+02 4.556032021559395389e-05
2.515000000000000000e+02 4.832186568454175827e-05
2.525000000000000000e+02 4.536347591396768479e-05
2.535000000000000000e+02 4.830449940171551457e-05
2.545000000000000000e+02 4.482985326328979071e-05
2.555000000000000000e+02 4.569313625111918342e-05
2.565000000000000000e+02 4.533972237877832359e-05
2.575000000000000000e+02 5.046070579429177321e-05
2.585000000000000000e+02 5.323854411225340959e-05
2.595000000000000000e+02 5.401714307074093155e-05
2.605000000000000000e+02 5.554216678770971941e-05
2.615000000000000000e+02 5.841612731048017600e-05
2.625000000000000000e+02 5.832493131318378408e-05
2.635000000000000000e+02 5.519706576578454208e-05
2.645000000000000000e+02 5.242107111503025157e-05
2.655000000000000000e+02 4.607740197740492092e-05
2.665000000000000000e+02 4.595512521677550254e-05
2.675000000000000000e+02 5.017527206382726371e-05
2.685000000000000000e+02 5.419716186687659486e-05
2.695000000000000000e+02 5.759737848052899921e-05
2.705000000000000000e+02 5.634162767264374065e-05
2.715000000000000000e+02 5.349620765516334593e-05
2.725000000000000000e+02 5.336607346180951520e-05
2.735000000000000000e+02 5.180103963697764061e-05
2.745000000000000000e+02 5.018942111366868586e-05
2.755000000000000000e+02 4.363469306620329388e-05
2.765000000000000000e+02 4.443352685335842515e-05
2.775000000000000000e+02 3.956525826385421616e-05
2.785000000000000000e+02 4.393903849134272283e-05
2.795000000000000000e+02 4.096459047062096185e-05
2.805000000000000000e+02 4.222291504629157666e-05
2.815000000000000000e+02 4.298115117526305693e-05
2.825000000000000000e+02 4.342337543947514351e-05
2.835000000000000000e+02 4.035308361317736754e-05
2.845000000000000000e+02 4.606866912823256532e-05
2.855000000000000000e+02 4.741034166238911046e-05
2.865000000000000000e+02 5.012167804381747316e-05
2.875000000000000000e+02 4.651617588008952463e-05
2.885000000000000000e+02 4.185950353280151439e-05
2.895000000000000000e+02 4.457682619940071150e-05
2.905000000000000000e+02 3.879520705890416530e-05
2.915000000000000000e+02 4.583116065793125594e-05
2.925000000000000000e+02 4.879911335919235856e-05
2.935000000000000000e+02 5.192828740428792443e-05
2.945000000000000000e+02 5.324324711678079223e-05
2.955000000000000000e+02 5.121575958998351281e-05
2.965000000000000000e+02 5.206518080722867639e-05
2.975000000000000000e+02 4.791440486829494550e-05
2.985000000000000000e+02 4.341581742266708774e-05
2.995000000000000000e+02 4.452506644470901297e-05
3.005000000000000000e+02 4.168052981877957492e-05
3.015000000000000000e+02 3.849355643804538567e-05
3.025000000000000000e+02 3.633282250490540874e-05
3.035000000000000000e+02 3.620732385685001609e-05
3.045000000000000000e+02 3.637896028156458936e-05
3.055000000000000000e+02 4.465732564668194562e-05
3.065000000000000000e+02 4.452984785095026154e-05
3.075000000000000000e+02 4.848005861923284358e-05
3.085000000000000000e+02 5.068755323394706831e-05
3.095000000000000000e+02 4.980406323168555955e-05
3.105000000000000000e+02 5.287605500413721763e-05
3.115000000000000000e+02 5.183152506901110313e-05
3.125000000000000000e+02 5.215456173063377825e-05
3.135000000000000000e+02 4.775017619231083129e-05
3.145000000000000000e+02 4.057573170796119273e-05
3.155000000000000000e+02 3.983123538223379691e-05
3.165000000000000000e+02 4.671690696361883619e-05
3.175000000000000000e+02 5.116638781984372803e-05
3.185000000000000000e+02 5.213320948011714181e-05
3.195000000000000000e+02 5.076529986290405149e-05
3.205000000000000000e+02 4.753401938979782797e-05
3.215000000000000000e+02 4.273717560470090677e-05
3.225000000000000000e+02 4.010053738270614288e-05
3.235000000000000000e+02 3.535807090505981422e-05
3.245000000000000000e+02 3.400701568790905576e-05
3.255000000000000000e+02 3.896619264700198104e-05
3.265000000000000000e+02 3.524274359604715590e-05
3.275000000000000000e+02 3.277917081176970267e-05
3.285000000000000000e+02 3.526268178322385983e-05
3.295000000000000000e+02 3.930263780599221548e-05
3.305000000000000000e+02 4.371737769250660536e-05
3.315000000000000000e+02 4.622292087065589885e-05
3.325000000000000000e+02 4.546190301045402042e-05
3.335000000000000000e+02 4.149469931854393620e-05
3.345000000000000000e+02 3.514751019505977088e-05
3.355000000000000000e+02 3.510497014284518267e-05
3.365000000000000000e+02 3.993088146174056553e-05
3.375000000000000000e+02 4.531087957230458304e-05
3.385000000000000000e+02 4.700219346682005342e-05
3.395000000000000000e+02 4.290688263189970924e-05
3.405000000000000000e+02 3.636977273153302743e-05
3.415000000000000000e+02 4.150527682549532348e-05
3.425000000000000000e+02 4.191000216623697424e-05
3.435000000000000000e+02 3.933585624551972688e-05
3.445000000000000000e+02 4.672462905158071084e-05
3.455000000000000000e+02 4.676792759434208427e-05
3.465000000000000000e+02 4.669932725215591041e-05
3.475000000000000000e+02 4.454722439208024675e-05
3.485000000000000000e+02 3.788310144318056638e-05
3.495000000000000000e+02 3.026808905787317614e-05
3.505000000000000000e+02 3.281137064778972412e-05
3.515000000000000000e+02 3.020069558461755947e-05
3.525000000000000000e+02 3.206658777094995429e-05
3.535000000000000000e+02 3.326289192698363330e-05
3.545000000000000000e+02 2.984710123319256510e-05
3.555000000000000000e+02 3.524829114305133684e-05
3.565000000000000000e+02 3.531670635474772865e-05
3.575000000000000000e+02 3.291277871773763778e-05
3.585000000000000000e+02 3.456704185421647280e-05
3.595000000000000000e+02 4.215242840767585610e-05
3.605000000000000000e+02 4.729491338120718030e-05
3.615000000000000000e+02 5.095223350847839810e-05
3.625000000000000000e+02 5.177980947310975102e-05
3.635000000000000000e+02 5.532488261154029863e-05
3.645000000000000000e+02 5.693233270770261861e-05
3.655000000000000000e+02 5.689920087563242414e-05
3.665000000000000000e+02 5.531931818662581379e-05
3.675000000000000000e+02 5.084591366330014676e-05
3.685000000000000000e+02 4.449779632968377832e-05
3.695000000000000000e+02 3.432660259244572589e-05
3.705000000000000000e+02 3.521918717261321322e-05
3.715000000000000000e+02 4.281807144352391689e-05
3.725000000000000000e+02 4.231807742064542599e-05
3.735000000000000000e+02 3.577140615134316885e-05
3.745000000000000000e+02 2.872689937129581326e-05
3.755000000000000000e+02 3.133573293443016561e-05
3.765000000000000000e+02 3.012033661175786937e-05
3.775000000000000000e+02 3.963538643774613084e-05
3.785000000000000000e+02 4.205895706112828820e-05
3.795000000000000000e+02 4.847933169808654025e-05
3.805000000000000000e+02 5.137589820695706946e-05
3.815000000000000000e+02 5.094066222032142928e-05
3.825000000000000000e+02 4.643973460146162436e-05
3.835000000000000000e+02 3.684083780731363020e-05
3.845000000000000000e+02 3.149345252684134178e-05
3.855000000000000000e+02 3.216581271392916915e-05
3.865000000000000000e+02 4.098056419784052340e-05
3.875000000000000000e+02 4.911560911784639200e-05
3.885000000000000000e+02 5.278354563194424142e-05
3.895000000000000000e+02 5.437533673283324745e-05
3.905000000000000000e+02 5.365198907706424054e-05
3.915000000000000000e+02 5.110863143677007813e-05
3.925000000000000000e+02 4.595447539367920290e-05
3.935000000000000000e+02 3.464492109518289652e-05
3.945000000000000000e+02 2.898590338870001912e-05
3.955000000000000000e+02 3.449650259505933738e-05
3.965000000000000000e+02 2.888676652214209616e-05
3.975000000000000000e+02 2.665218554922745668e-05
3.990000000000000000e+02 2.856722514573777999e-05
4.020000000000000000e+02 4.255733657722800175e-05
4.060000000000000000e+02 5.205231324321893638e-05
4.100000000000000000e+02 5.211881188678078473e-05
4.140000000000000000e+02 4.760348610939770772e-05
4.180000000000000000e+02 2.876869548344377768e-05
4.220000000000000000e+02 3.119773169490090963e-05
4.260000000000000000e+02 4.030692538933744771e-05
4.300000000000000000e+02 4.308612632769624263e-05
4.340000000000000000e+02 4.466878973710166885e-05
4.380000000000000000e+02 4.261152021055336116e-05
4.420000000000000000e+02 3.387188730691952326e-05
4.460000000000000000e+02 3.938215438981336263e-05
4.500000000000000000e+02 4.312812027405614739e-05
4.540000000000000000e+02 3.664049639466285024e-05
4.580000000000000000e+02 2.739193652013111453e-05
4.620000000000000000e+02 3.844165017060873738e-05
4.660000000000000000e+02 4.183271789224714921e-05
4.700000000000000000e+02 3.445506101226804724e-05
4.740000000000000000e+02 3.167165334668355336e-05
4.780000000000000000e+02 4.486870163228766123e-05
4.820000000000000000e+02 3.672076839531199932e-05
4.860000000000000000e+02 3.627738433038468833e-05
4.900000000000000000e+02 4.154608982583761652e-05
4.940000000000000000e+02 4.153203706856723170e-05
4.980000000000000000e+02 5.150634105584557065e-05
5.020000000000000000e+02 2.936205139476422883e-05
5.060000000000000000e+02 3.041042372712880537e-05
5.100000000000000000e+02 3.347436231153307534e-05
5.140000000000000000e+02 3.502032121612031238e-05
5.180000000000000000e+02 2.324477066067146808e-05
5.220000000000000000e+02 2.883399353240421537e-05
5.260000000000000000e+02 2.149841922861914524e-05
5.300000000000000000e+02 2.134796766896053242e-05
5.340000000000000000e+02 2.236829124179673834e-05
5.380000000000000000e+02 2.195711511386157173e-05
5.420000000000000000e+02 2.121714468926677336e-05
5.460000000000000000e+02 1.197152836650850718e-05
5.500000000000000000e+02 1.648102557687982739e-05
5.540000000000000000e+02 1.648196618645851065e-05
5.580000000000000000e+02 1.514712895167972180e-05
5.620000000000000000e+02 1.316824727842710637e-05
5.660000000000000000e+02 1.107658789372322721e-05
5.700000000000000000e+02 1.005257259628692841e-05
5.740000000000000000e+02 9.323005884403226745e-06
5.780000000000000000e+02 8.391442110111012458e-06
5.820000000000000000e+02 7.842051549590121245e-06
5.860000000000000000e+02 7.544198938119447609e-06
5.900000000000000000e+02 7.035231255548716816e-06
5.940000000000000000e+02 6.563847976330924886e-06
5.980000000000000000e+02 5.649665563408518912e-06
6.020000000000000000e+02 5.190929473127126314e-06
6.060000000000000000e+02 4.562451485392004335e-06
6.100000000000000000e+02 4.582697238324805491e-06
6.140000000000000000e+02 4.757699071995392367e-06
6.180000000000000000e+02 5.074060296203437213e-06
6.220000000000000000e+02 4.893207773770844175e-06
6.260000000000000000e+02 4.071467873278725226e-06
6.300000000000000000e+02 3.862162618739850857e-06
6.340000000000000000e+02 3.424546280516198979e-06
6.380000000000000000e+02 3.239685664565638188e-06
6.420000000000000000e+02 2.629776586145597113e-06
6.460000000000000000e+02 2.749734323104240749e-06
6.500000000000000000e+02 3.247568414984706744e-06
6.540000000000000000e+02 2.911547866283896416e-06
6.580000000000000000e+02 2.494873170063980962e-06
6.620000000000000000e+02 2.736167782369761616e-06
6.660000000000000000e+02 1.905910131353577013e-06
6.700000000000000000e+02 3.720623201636452713e-06
6.740000000000000000e+02 2.187551489295550255e-06
6.780000000000000000e+02 2.769619251279590095e-06
6.820000000000000000e+02 1.569502774576015302e-06
6.860000000000000000e+02 1.925235632493670161e-06
6.900000000000000000e+02 2.701582180306221729e-06
6.940000000000000000e+02 2.456960527296259943e-06
6.980000000000000000e+02 1.985010032607721174e-06
7.020000000000000000e+02 2.178993332526850015e-06
7.060000000000000000e+02 2.036080763280312921e-06
7.100000000000000000e+02 2.228355787462026344e-06
7.140000000000000000e+02 2.210680559933067099e-06
7.180000000000000000e+02 2.698088787419364883e-06
7.220000000000000000e+02 2.341531717351537425e-06
7.260000000000000000e+02 2.270884833404310080e-06
7.300000000000000000e+02 2.165895736808351576e-06
7.340000000000000000e+02 2.182703521386388311e-06
7.380000000000000000e+02 2.207389211974498030e-06
7.420000000000000000e+02 2.331747423219275046e-06
7.460000000000000000e+02 2.243976130504255281e-06
7.500000000000000000e+02 2.387664403179213290e-06
7.540000000000000000e+02 2.458026696323454222e-06
7.580000000000000000e+02 2.527704735884430597e-06
7.620000000000000000e+02 2.583675085384674583e-06
7.660000000000000000e+02 2.860152829789877325e-06
7.700000000000000000e+02 2.894886976057778439e-06
7.740000000000000000e+02 3.248128491165256116e-06
7.780000000000000000e+02 3.527090079225476129e-06
7.820000000000000000e+02 3.340953651932227916e-06
7.860000000000000000e+02 3.973572613844313152e-06
7.900000000000000000e+02 2.979206814320314976e-06
7.940000000000000000e+02 2.662459487051738068e-06
7.980000000000000000e+02 3.246137660733260287e-06
8.020000000000000000e+02 3.060620911647893081e-06
8.060000000000000000e+02 3.116394589165570899e-06
8.100000000000000000e+02 3.768265675423212482e-06
8.140000000000000000e+02 4.222175128978691071e-06
8.180000000000000000e+02 6.060953827650254890e-06
8.220000000000000000e+02 7.402601140704973212e-06
8.260000000000000000e+02 1.287279595680559097e-05
8.300000000000000000e+02 6.697220525681692788e-06
8.340000000000000000e+02 1.220726315170848107e-05
8.380000000000000000e+02 1.507598513135619399e-05
8.420000000000000000e+02 9.139407126853163688e-06
8.460000000000000000e+02 6.360641152676673361e-06
8.500000000000000000e+02 1.394668540022217526e-05
8.540000000000000000e+02 5.179880331090107433e-06
8.580000000000000000e+02 6.414676098786070376e-06
8.620000000000000000e+02 7.159503672453196084e-06
8.660000000000000000e+02 2.078291210727856423e-06
8.700000000000000000e+02 4.010537961999641953e-06
8.740000000000000000e+02 5.036038592060606859e-06
8.780000000000000000e+02 2.561250872042190316e-06
8.820000000000000000e+02 2.406377737969625272e-06
8.860000000000000000e+02 4.135371462658382048e-06
8.900000000000000000e+02 1.445967913489515345e-06
8.940000000000000000e+02 1.467460561047975003e-06
8.980000000000000000e+02 5.907561168841309277e-06
9.020000000000000000e+02 1.397878274119487927e-06
9.060000000000000000e+02 1.166440425896929714e-06
9.100000000000000000e+02 3.682046846540182093e-06
9.140000000000000000e+02 1.070525683943426622e-06
9.180000000000000000e+02 3.166920270928220802e-06
9.220000000000000000e+02 1.378272078225573490e-06
9.260000000000000000e+02 8.999719531458466544e-07
9.300000000000000000e+02 1.235607069361941619e-06
9.340000000000000000e+02 1.204206141434278436e-06
9.380000000000000000e+02 8.886780611929795112e-07
9.420000000000000000e+02 1.277155883778175711e-06
9.460000000000000000e+02 7.667922658365764413e-07
9.500000000000000000e+02 1.077272280469345902e-06
9.540000000000000000e+02 8.365523397621185008e-07
9.580000000000000000e+02 1.134902858942464042e-06
9.620000000000000000e+02 1.087495353653190670e-06
9.660000000000000000e+02 6.916487865616799546e-07
9.700000000000000000e+02 6.940467102202814806e-07
9.740000000000000000e+02 6.421159658141205915e-07
9.780000000000000000e+02 6.301646305916273537e-07
9.820000000000000000e+02 5.985761362910732535e-07
9.860000000000000000e+02 5.702654346294106393e-07
9.900000000000000000e+02 5.306336801439586916e-07
9.940000000000000000e+02 5.407973968316030268e-07
9.980000000000000000e+02 1.529605975502685368e-06
1.002000000000000000e+03 9.512510370751584520e-07
1.006000000000000000e+03 6.700051094374263906e-07
1.010000000000000000e+03 4.932067471542640881e-07
1.014000000000000000e+03 5.115667793639326654e-07
1.018000000000000000e+03 4.597056278156939432e-07
1.022000000000000000e+03 4.636298753184542652e-07
1.026000000000000000e+03 4.301931768995859379e-07
1.030000000000000000e+03 4.488466588221942347e-07
1.034000000000000000e+03 4.064885207554500116e-07
1.038000000000000000e+03 3.954631960947897318e-07
1.042000000000000000e+03 3.875702857482901845e-07
1.046000000000000000e+03 3.684519577635584845e-07
1.050000000000000000e+03 3.642331397944686546e-07
1.054000000000000000e+03 3.499354965776652360e-07
1.058000000000000000e+03 3.418973457593207417e-07
1.062000000000000000e+03 3.348390694362964640e-07
1.066000000000000000e+03 3.253327224398949042e-07
1.070000000000000000e+03 3.160689337526993557e-07
1.074000000000000000e+03 3.090194272501029250e-07
1.078000000000000000e+03 3.007658731093515008e-07
1.082000000000000000e+03 2.943556934427221420e-07
1.086000000000000000e+03 2.863101328273412079e-07
1.090000000000000000e+03 2.813435906650506213e-07
1.094000000000000000e+03 2.788073611477989401e-07
1.098000000000000000e+03 2.671290729646998583e-07
1.102000000000000000e+03 2.636640743464342799e-07
1.106000000000000000e+03 2.570249597875089746e-07
1.110000000000000000e+03 2.455391236220206122e-07
1.114000000000000000e+03 2.339641063396236874e-07
1.118000000000000000e+03 2.203297336710931125e-07
1.122000000000000000e+03 2.121306961174423270e-07
1.126000000000000000e+03 2.167072517821248854e-07
1.130000000000000000e+03 2.074992782068418458e-07
1.134000000000000000e+03 2.044944430997004600e-07
1.138000000000000000e+03 1.999406384014206271e-07
1.142000000000000000e+03 1.941909686561439989e-07
1.146000000000000000e+03 1.943626988937536645e-07
1.150000000000000000e+03 1.847033893756722324e-07
1.154000000000000000e+03 1.943695304905471953e-07
1.158000000000000000e+03 3.390603771496614154e-07
1.162000000000000000e+03 1.673025499707916386e-07
1.166000000000000000e+03 1.076734698822552507e-06
1.170000000000000000e+03 1.082121874425355514e-06
1.174000000000000000e+03 1.582112556903491483e-07
1.178000000000000000e+03 1.158078125743389710e-06
1.182000000000000000e+03 1.712379674367724075e-07
1.186000000000000000e+03 1.392297426929362406e-07
1.190000000000000000e+03 5.899508789107579563e-07
1.194000000000000000e+03 1.667775487592422053e-07
1.198000000000000000e+03 3.408946075939855204e-07
1.202000000000000000e+03 5.036992076884995337e-07
1.206000000000000000e+03 1.247342201658394304e-07
1.210000000000000000e+03 1.462436274562743803e-07
1.214000000000000000e+03 2.598215088115388497e-07
1.218000000000000000e+03 1.142099282108116959e-07
1.222000000000000000e+03 1.823071974066714955e-07
1.226000000000000000e+03 3.641730871068703447e-07
1.230000000000000000e+03 1.043242391159180024e-07
1.234000000000000000e+03 4.203187950961121576e-07
1.238000000000000000e+03 1.140617534423210781e-07
1.242000000000000000e+03 9.712096527469473565e-08
1.246000000000000000e+03 1.257249103550681782e-07
1.250000000000000000e+03 1.502264747334233134e-07
1.254000000000000000e+03 1.041680495628109119e-07
1.258000000000000000e+03 2.072593060525387685e-07
1.262000000000000000e+03 8.058451586299982689e-08
1.266000000000000000e+03 8.298770053760355176e-08
1.270000000000000000e+03 7.677778796120692294e-08
1.274000000000000000e+03 9.185866928957795210e-08
1.278000000000000000e+03 1.294143389121976587e-07
1.282000000000000000e+03 8.706275950336901191e-08
1.286000000000000000e+03 7.185598087006207763e-08
1.290000000000000000e+03 1.306270132513705431e-07
1.294000000000000000e+03 7.626488873003395950e-08
1.298000000000000000e+03 6.706585312394996673e-08
1.302000000000000000e+03 5.878588279475704818e-08
1.306000000000000000e+03 5.835217216139945522e-08
1.310000000000000000e+03 7.147762440613742132e-08
1.314000000000000000e+03 1.990269051692325495e-07
1.318000000000000000e+03 1.172044814760217229e-07
1.322000000000000000e+03 7.596717303354722969e-08
1.326000000000000000e+03 6.700342672949296910e-08
1.330000000000000000e+03 6.341245346350561486e-08
1.334000000000000000e+03 5.428865762574121280e-08
1.338000000000000000e+03 5.239491808405651293e-08
1.342000000000000000e+03 4.502371724899269260e-08
1.346000000000000000e+03 5.538327711569493256e-08
1.350000000000000000e+03 6.966649755259411670e-08
1.354000000000000000e+03 5.400037737047405770e-08
1.358000000000000000e+03 7.783407245715530564e-08
1.362000000000000000e+03 7.393463385273961877e-08
1.366000000000000000e+03 1.601839543670261710e-07
1.370000000000000000e+03 2.042855458403471814e-07
1.374000000000000000e+03 1.643966246310364212e-07
1.378000000000000000e+03 2.712085967479442740e-07
1.382000000000000000e+03 4.616019267940951377e-07
1.386000000000000000e+03 3.449060556336289445e-07
1.390000000000000000e+03 4.136401732360802939e-07
1.394000000000000000e+03 2.410275487970149446e-07
1.398000000000000000e+03 1.838701400957343070e-07
1.402000000000000000e+03 3.981422447149986998e-07
1.406000000000000000e+03 3.150348313777928781e-07
1.410000000000000000e+03 4.586802068506400714e-07
1.414000000000000000e+03 4.114168460771809618e-07
1.418000000000000000e+03 1.412785644537556928e-07
1.422000000000000000e+03 1.946970339442659242e-07
1.426000000000000000e+03 2.575522727086323790e-07
1.430000000000000000e+03 2.137577195208007360e-07
1.434000000000000000e+03 1.829649126895395016e-07
1.438000000000000000e+03 1.559776175908667144e-07
1.442000000000000000e+03 3.066207597151904450e-07
1.446000000000000000e+03 2.547177773600961820e-07
1.450000000000000000e+03 1.854990990690569293e-07
1.454000000000000000e+03 1.212726009699033166e-07
1.458000000000000000e+03 6.096997536070515371e-08
1.462000000000000000e+03 1.458105700469775422e-07
1.466000000000000000e+03 1.107985524374937228e-07
1.470000000000000000e+03 1.562194907398317509e-07
1.474000000000000000e+03 6.042568889228472397e-08
1.478000000000000000e+03 1.834763217550831213e-07
1.482000000000000000e+03 1.721757644740633337e-07
1.486000000000000000e+03 1.498753538538278658e-07
1.490000000000000000e+03 8.602859580771896738e-08
1.494000000000000000e+03 1.049221749663514881e-07
1.498000000000000000e+03 6.718309808175032439e-08
1.502000000000000000e+03 1.016623986057113301e-07
1.506000000000000000e+03 4.376575495052554763e-08
1.510000000000000000e+03 7.963862012273177916e-08
1.514000000000000000e+03 9.381924182338946706e-08
1.518000000000000000e+03 6.470105744059799128e-08
1.522000000000000000e+03 4.464840128068412274e-08
1.526000000000000000e+03 6.920863552851365272e-08
1.530000000000000000e+03 9.497132082887557178e-08
1.534000000000000000e+03 3.832186718722086818e-08
1.538000000000000000e+03 2.166701803100663085e-08
1.542000000000000000e+03 2.365637212526173000e-08
1.546000000000000000e+03 6.435697117482219967e-08
1.550000000000000000e+03 6.977516037474979494e-08
1.554000000000000000e+03 5.768973816006055194e-08
1.558000000000000000e+03 2.790935381020687829e-08
1.562000000000000000e+03 5.248412853292655122e-08
1.566000000000000000e+03 6.512995615013866852e-08
1.570000000000000000e+03 4.991581063048241052e-08
1.574000000000000000e+03 6.066440007927192251e-08
1.578000000000000000e+03 5.253155221567809316e-08
1.582000000000000000e+03 1.564539549369097847e-07
1.586000000000000000e+03 2.291459171250118681e-07
1.590000000000000000e+03 1.708799066931387690e-07
1.594000000000000000e+03 1.648305322036366452e-07
1.598000000000000000e+03 1.758596496916837018e-07
1.602000000000000000e+03 1.304696840828765836e-07
1.606000000000000000e+03 1.481810224429780306e-07
1.610000000000000000e+03 6.777495552988835870e-08
1.614000000000000000e+03 6.464260992313478418e-08
1.618000000000000000e+03 3.263131723810828828e-08
1.622000000000000000e+03 4.013088687670236127e-08
1.626000000000000000e+03 4.395981293029052634e-08
1.630000000000000000e+03 6.570775352920601465e-08
1.634000000000000000e+03 2.929501887067060707e-08
1.638000000000000000e+03 3.393006803278717161e-08
1.642000000000000000e+03 5.795940729495657610e-08
1.646000000000000000e+03 2.011954471958701118e-08
1.650000000000000000e+03 2.694429460774633554e-08
1.654000000000000000e+03 1.421959168843950391e-08
1.658000000000000000e+03 5.281474447696988858e-08
1.662000000000000000e+03 3.609461435928105773e-08
1.666000000000000000e+03 4.747294353067835331e-08
1.670000000000000000e+03 2.104928748480143247e-08
1.674000000000000000e+03 2.803916039808657771e-08
1.678000000000000000e+03 3.663582049556949688e-08
1.682000000000000000e+03 2.607668373245946979e-08
1.686000000000000000e+03 2.020048575089290248e-08
1.690000000000000000e+03 3.596276621253870556e-08
1.694000000000000000e+03 2.727501462745600296e-08
1.698000000000000000e+03 1.504811555535121643e-08
1.702000000000000000e+03 1.944031401840918400e-08
1.706000000000000000e+03 2.174493048245965150e-08
1.710000000000000000e+03 4.583465619160731242e-08
1.714000000000000000e+03 2.862916652599439189e-08
1.718000000000000000e+03 1.547164050966967590e-08
1.722000000000000000e+03 4.542108770378046360e-08
1.726000000000000000e+03 7.124863554928559759e-08
1.730000000000000000e+03 3.683246347175726369e-08
1.734000000000000000e+03 1.382580218574288768e-08
1.738000000000000000e+03 2.410484280597056581e-08
1.742000000000000000e+03 2.571353174591720520e-08
1.746000000000000000e+03 3.134404829168276492e-08
1.750000000000000000e+03 1.884383920670904842e-08
1.754000000000000000e+03 4.548192867987826779e-08
1.758000000000000000e+03 3.572697646817506008e-08
1.762000000000000000e+03 2.834373626624260291e-08
1.766000000000000000e+03 4.838769318651930956e-08
1.770000000000000000e+03 1.887908618720691814e-08
1.774000000000000000e+03 1.626678404728383748e-08
1.778000000000000000e+03 4.451166387714825434e-08
1.782000000000000000e+03 4.254343075133025202e-08
1.786000000000000000e+03 5.274026549936962025e-08
1.790000000000000000e+03 3.619353787972571350e-08
1.794000000000000000e+03 2.104588307017869577e-08
1.798000000000000000e+03 3.252627165181958654e-08
1.802000000000000000e+03 3.552709814163968731e-08
1.806000000000000000e+03 7.146315258572626573e-08
1.810000000000000000e+03 3.987517006625508189e-08
1.814000000000000000e+03 9.061861373418580303e-08
1.818000000000000000e+03 9.472277457913134969e-08
1.822000000000000000e+03 7.569111897806999357e-08
1.826000000000000000e+03 2.676900378651470698e-08
1.830000000000000000e+03 1.830871837172871857e-08
1.834000000000000000e+03 6.186263111083880168e-08
1.838000000000000000e+03 5.283256967949273429e-08
1.842000000000000000e+03 3.448534803513689122e-08
1.846000000000000000e+03 1.890259770815006141e-08
1.850000000000000000e+03 5.605303552128059318e-08
1.854000000000000000e+03 6.998123066148896101e-08
1.858000000000000000e+03 5.782490463280614457e-08
1.862000000000000000e+03 4.152188662214488207e-08
1.866000000000000000e+03 2.091653550871987377e-08
1.870000000000000000e+03 1.513357780879157612e-08
1.874000000000000000e+03 4.780138906048220291e-08
1.878000000000000000e+03 7.456967137383056290e-08
1.882000000000000000e+03 4.232289803137658367e-08
1.886000000000000000e+03 2.475182475246718375e-08
1.890000000000000000e+03 1.027066650377216464e-08
1.894000000000000000e+03 6.807549501963782170e-09
1.898000000000000000e+03 1.515291227408088431e-09
1.902000000000000000e+03 8.625655420492452918e-10
1.906000000000000000e+03 7.016413464126766932e-10
1.910000000000000000e+03 6.295283778217919281e-10
1.914000000000000000e+03 5.988002255508365369e-10
1.918000000000000000e+03 5.923878051028498815e-10
1.922000000000000000e+03 5.863123289998071727e-10
1.926000000000000000e+03 5.792177851530945347e-10
1.930000000000000000e+03 5.519398324712964057e-10
1.934000000000000000e+03 5.627305964066527294e-10
1.938000000000000000e+03 6.343613999252365221e-10
1.942000000000000000e+03 2.682289721347885682e-09
1.946000000000000000e+03 1.175536957737985485e-08
1.950000000000000000e+03 9.991607356343638994e-09
1.954000000000000000e+03 1.243775537750459582e-09
1.958000000000000000e+03 1.669074027557761927e-09
1.962000000000000000e+03 7.639029591313808144e-10
1.966000000000000000e+03 1.557748036945734931e-09
1.970000000000000000e+03 1.835121203632308203e-09
1.974000000000000000e+03 1.730997278986803839e-09
1.978000000000000000e+03 3.208686659408017463e-08
1.982000000000000000e+03 3.117924102992945742e-08
1.986000000000000000e+03 2.486382588042634667e-09
1.990000000000000000e+03 5.071297266243270421e-09
1.996000000000000000e+03 4.221756123180973702e-09
2.005000000000000000e+03 3.683671401870934056e-09
2.015000000000000000e+03 1.664326671964357121e-09
2.025000000000000000e+03 3.941202882949162450e-10
2.035000000000000000e+03 2.968270691328287972e-10
2.045000000000000000e+03 2.606488707640044411e-10
2.055000000000000000e+03 2.246185399609026680e-10
2.065000000000000000e+03 1.917788283374619837e-10
2.075000000000000000e+03 1.880636387469890333e-10
2.085000000000000000e+03 1.627641490738849609e-10
2.095000000000000000e+03 1.650201804011185323e-10
2.105000000000000000e+03 1.678709144460576966e-10
2.115000000000000000e+03 1.530147691493559157e-10
2.125000000000000000e+03 1.309645174870883242e-10
2.135000000000000000e+03 1.045878271530780217e-10
2.145000000000000000e+03 1.104287445688503355e-10
2.155000000000000000e+03 1.029347025792902481e-10
2.165000000000000000e+03 1.001448660002566010e-10
2.175000000000000000e+03 9.374874035324738592e-11
2.185000000000000000e+03 8.925010983565449014e-11
2.195000000000000000e+03 8.646693263060677448e-11
2.205000000000000000e+03 8.000214711745103937e-11
2.215000000000000000e+03 7.395459334362836116e-11
2.225000000000000000e+03 6.781209828666291062e-11
2.235000000000000000e+03 6.263180114551539711e-11
2.245000000000000000e+03 5.766955003293655320e-11
2.255000000000000000e+03 5.287486359956537838e-11
2.265000000000000000e+03 4.849860364955851239e-11
2.275000000000000000e+03 4.476162430161095335e-11
2.285000000000000000e+03 4.167695916571192342e-11
2.295000000000000000e+03 3.867108592566880767e-11
2.305000000000000000e+03 3.485707447341938223e-11
2.315000000000000000e+03 3.276106435487557120e-11
2.325000000000000000e+03 2.820629099747397452e-11
2.335000000000000000e+03 2.725047348279533625e-11
2.345000000000000000e+03 2.461671546161021695e-11
2.355000000000000000e+03 2.291522529825524668e-11
2.365000000000000000e+03 2.101076844100803587e-11
2.375000000000000000e+03 2.027952837022252789e-11
2.385000000000000000e+03 1.907336166642200899e-11
2.395000000000000000e+03 1.822044841227594176e-11
2.405000000000000000e+03 1.707279081098289145e-11
2.415000000000000000e+03 1.609882162240279059e-11
2.425000000000000000e+03 1.527268120861004807e-11
2.435000000000000000e+03 1.495336732213592449e-11
2.445000000000000000e+03 1.364476055701263935e-11
2.455000000000000000e+03 1.299113730474861849e-11
2.465000000000000000e+03 1.152279801433828374e-10
2.475000000000000000e+03 1.057227547184561458e-09
2.485000000000000000e+03 6.864214691272631666e-09
2.495000000000000000e+03 1.221587619410014445e-08
2.505000000000000000e+03 1.789906936226253744e-08
2.515000000000000000e+03 1.450102844826317408e-08
2.525000000000000000e+03 1.655187294016539488e-08
2.535000000000000000e+03 1.596778534733513643e-08
2.545000000000000000e+03 1.434086001443053889e-08
2.555000000000000000e+03 1.305716168648695184e-08
2.565000000000000000e+03 1.000788070562224839e-08
2.575000000000000000e+03 1.128611438915367133e-08
2.585000000000000000e+03 9.687017362804450546e-09
2.595000000000000000e+03 9.180821968786201406e-09
2.605000000000000000e+03 7.006808944624380465e-09
2.615000000000000000e+03 1.042841290029099890e-08
2.625000000000000000e+03 1.010461891871848955e-08
2.635000000000000000e+03 5.618789929792394303e-09
2.645000000000000000e+03 7.272518121176724731e-09
2.655000000000000000e+03 6.413175857285689268e-09
2.665000000000000000e+03 6.639194166733200169e-09
2.675000000000000000e+03 5.630942857763269624e-09
2.685000000000000000e+03 5.926834122053739374e-09
2.695000000000000000e+03 4.233989232272909784e-09
2.705000000000000000e+03 6.469090214917005110e-09
2.715000000000000000e+03 5.117149175890059161e-09
2.725000000000000000e+03 4.244213562135625562e-09
2.735000000000000000e+03 5.441896227940294997e-09
2.745000000000000000e+03 3.169021704378417122e-09
2.755000000000000000e+03 2.883526119977865838e-09
2.765000000000000000e+03 3.641122968194010087e-09
2.775000000000000000e+03 1.876061965833468631e-09
2.785000000000000000e+03 1.216983247936022525e-09
2.795000000000000000e+03 9.722284906538432158e-10
2.805000000000000000e+03 1.598054179469050432e-09
2.815000000000000000e+03 9.441936315888241836e-10
2.825000000000000000e+03 2.407143169370982063e-10
2.835000000000000000e+03 8.024014495351246893e-10
2.845000000000000000e+03 1.256803497899265359e-09
2.855000000000000000e+03 8.406060273881209176e-10
2.865000000000000000e+03 3.756567279613387121e-10
2.875000000000000000e+03 1.977913068251001376e-10
2.885000000000000000e+03 2.558033022390439181e-10
2.895000000000000000e+03 3.503604147293075804e-10
2.905000000000000000e+03 1.241668403427188746e-10
2.915000000000000000e+03 5.787459457567932520e-11
2.925000000000000000e+03 2.861180215061466643e-11
2.935000000000000000e+03 6.644584862499602491e-12
2.945000000000000000e+03 8.528699833859135157e-12
2.955000000000000000e+03 3.806772683825219555e-11
2.965000000000000000e+03 1.025415665308525331e-11
2.975000000000000000e+03 2.038019913031727474e-11
2.985000000000000000e+03 2.079855535206723979e-12
2.995000000000000000e+03 3.502535911900985164e-11
3.005000000000000000e+03 3.866236440251684582e-11
3.015000000000000000e+03 1.702513829312021820e-13
3.025000000000000000e+03 4.080332724391326619e-11
3.035000000000000000e+03 5.475049864342304195e-11
3.045000000000000000e+03 1.139082882462913257e-10
3.055000000000000000e+03 2.682608526437483812e-11
3.065000000000000000e+03 6.087936426693886931e-12
3.075000000000000000e+03 3.669387665723634567e-12
3.085000000000000000e+03 1.817069614942213630e-12
3.095000000000000000e+03 8.666998939708144830e-12
3.105000000000000000e+03 1.097263366510238125e-11
3.115000000000000000e+03 1.819088252413482600e-11
3.125000000000000000e+03 2.292098494872076354e-11
3.135000000000000000e+03 4.795225434624186388e-11
3.145000000000000000e+03 6.689034309324045662e-11
3.155000000000000000e+03 6.148245668818800650e-11
3.165000000000000000e+03 7.077387574777494363e-11
3.175000000000000000e+03 1.519838690079789120e-10
3.185000000000000000e+03 1.797315155532685268e-10
3.195000000000000000e+03 7.596443298998247623e-11
3.205000000000000000e+03 7.612129502274871643e-11
3.215000000000000000e+03 4.280738366193406972e-11
3.225000000000000000e+03 1.650756649013477375e-10
3.235000000000000000e+03 1.959487252963542178e-10
3.245000000000000000e+03 1.382614478802456037e-10
3.255000000000000000e+03 1.434554340432632544e-10
3.265000000000000000e+03 1.624541363308724793e-10
3.275000000000000000e+03 4.995390972196772409e-11
3.285000000000000000e+03 6.282659134865220244e-11
3.295000000000000000e+03 1.140485622661009432e-11
3.305000000000000000e+03 3.456510943486169593e-13
3.315000000000000000e+03 1.477387690546177935e-12
3.325000000000000000e+03 1.140096229877432314e-12
3.335000000000000000e+03 3.476747590320327556e-12
3.345000000000000000e+03 7.904638136831754404e-14
3.355000000000000000e+03 1.352560513335399773e-14
3.365000000000000000e+03 1.270155509927900928e-14
3.375000000000000000e+03 1.260817750015387615e-14
3.385000000000000000e+03 2.343414604178548543e-13
3.395000000000000000e+03 1.693756686118011481e-14
3.405000000000000000e+03 5.997708452479072222e-14
3.415000000000000000e+03 1.358874460866565673e-13
3.425000000000000000e+03 1.999609278049801713e-14
3.435000000000000000e+03 2.321044567484397896e-12
3.445000000000000000e+03 6.960081021856561164e-15
3.455000000000000000e+03 1.605944736001993447e-14
3.465000000000000000e+03 1.584513737658594078e-14
3.475000000000000000e+03 5.769642233821543575e-15
3.485000000000000000e+03 5.710387420018149873e-15
3.495000000000000000e+03 1.146449860082132123e-14
3.505000000000000000e+03 4.376113102011709951e-15
3.515000000000000000e+03 4.218643427005347164e-15
3.525000000000000000e+03 3.982657194388110992e-15
3.535000000000000000e+03 3.537205603395426297e-15
3.545000000000000000e+03 2.972660575803732871e-15
3.555000000000000000e+03 2.532217675614055226e-15
3.565000000000000000e+03 2.183533116375736771e-15
3.575000000000000000e+03 1.832963660072336021e-15
3.585000000000000000e+03 1.465161694088227879e-15
3.595000000000000000e+03 1.276213078833664144e-15
3.605000000000000000e+03 1.042523724802985290e-15
3.615000000000000000e+03 5.973773627509990111e-16
3.625000000000000000e+03 5.112071758567314347e-16
3.635000000000000000e+03 5.563139040949856850e-16
3.645000000000000000e+03 1.100326012363879292e-15
3.655000000000000000e+03 2.708006021837433680e-15
3.665000000000000000e+03 1.023284866761121958e-15
3.675000000000000000e+03 9.084450498772817446e-16
3.685000000000000000e+03 7.079318613133047150e-16
3.695000000000000000e+03 5.348905742893498172e-16
3.705000000000000000e+03 5.636490322528146508e-16
3.715000000000000000e+03 5.051786046599211876e-16
3.725000000000000000e+03 4.969731792394075179e-16
3.735000000000000000e+03 5.034256051532017974e-16
3.745000000000000000e+03 5.384141727807383837e-16
3.755000000000000000e+03 2.314869344516476981e-15
3.765000000000000000e+03 2.081104624769504165e-13
3.775000000000000000e+03 9.200282458728165317e-13
3.785000000000000000e+03 8.207275306086515566e-13
3.795000000000000000e+03 4.617560993181409592e-13
3.805000000000000000e+03 5.032376874570727011e-14
3.815000000000000000e+03 1.267381374589300165e-13
3.825000000000000000e+03 4.985939129008335023e-14
3.835000000000000000e+03 3.798122768264741021e-14
3.845000000000000000e+03 1.199225231354117375e-13
3.855000000000000000e+03 4.605995180824021759e-14
3.865000000000000000e+03 4.538004070186978373e-14
3.875000000000000000e+03 1.754341780552653567e-13
3.885000000000000000e+03 1.053656780967798212e-13
3.895000000000000000e+03 1.591188852374652322e-13
3.905000000000000000e+03 3.036650557717346926e-13
3.915000000000000000e+03 1.125943592046458890e-12
3.925000000000000000e+03 5.530972135477118332e-13
3.935000000000000000e+03 1.346499248668951222e-12
3.945000000000000000e+03 1.020759650705989145e-12
3.955000000000000000e+03 1.643791329070706209e-12
3.965000000000000000e+03 4.121386454768590452e-12
3.975000000000000000e+03 2.949989185532607024e-12
