1.005000000000000000e+02 7.668754770221640439e-05
1.015000000000000000e+02 6.765325367949860181e-05
1.025000000000000000e+02 6.717210514372315509e-05
1.035000000000000000e+02 6.665071996292047890e-05
1.045000000000000000e+02 7.737764281994376041e-05
1.055000000000000000e+02 7.609548733568972923e-05
1.065000000000000000e+02 6.835243572780104774e-05
1.075000000000000000e+02 6.955178922575820438e-05
1.085000000000000000e+02 7.143601419023118252e-05
1.095000000000000000e+02 7.239341855677575556e-05
1.105000000000000000e+02 6.870337724727364453e-05
1.115000000000000000e+02 7.287056570668737126e-05
1.125000000000000000e+02 7.172510271261645629e-05
1.135000000000000000e+02 7.202536227607696467e-05
1.145000000000000000e+02 7.482258390830798592e-05
1.155000000000000000e+02 7.268485433909692829e-05
1.165000000000000000e+02 6.834075360153089591e-05
1.175000000000000000e+02 7.182759953849633813e-05
1.185000000000000000e+02 6.876243279447413108e-05
1.195000000000000000e+02 6.488840766323474571e-05
1.205000000000000000e+02 6.696284542974461718e-05
1.215000000000000000e+02 6.850539843522992719e-05
1.225000000000000000e+02 6.096661635665672461e-05
1.235000000000000000e+02 6.283578763301300046e-05
1.245000000000000000e+02 6.450546627592274572e-05
1.255000000000000000e+02 5.850649064349870812e-05
1.265000000000000000e+02 6.932790980894753586e-05
1.275000000000000000e+02 6.551522464908448977e-05
1.285000000000000000e+02 5.804514414753397409e-05
1.295000000000000000e+02 6.431075411581902476e-05
1.305000000000000000e+02 6.180758558653416451e-05
1.315000000000000000e+02 5.849199920349413509e-05
1.325000000000000000e+02 6.981956055323363557e-05
1.335000000000000000e+02 5.817129457808194821e-05
1.345000000000000000e+02 6.096785950425153826e-05
1.355000000000000000e+02 6.512424761971423838e-05
1.365000000000000000e+02 6.129988552641304469e-05
1.375000000000000000e+02 6.133467038125523386e-05
1.385000000000000000e+02 5.787297450693800615e-05
1.395000000000000000e+02 6.020279038108552870e-05
1.405000000000000000e+02 6.057992297018468630e-05
1.415000000000000000e+02 5.883428980107416269e-05
1.425000000000000000e+02 6.058946717586155946e-05
1.435000000000000000e+02 5.864438799735251142e-05
1.445000000000000000e+02 5.747521151560934304e-05
1.455000000000000000e+02 5.823815594697052028e-05
1.465000000000000000e+02 6.028401108103090977e-05
1.475000000000000000e+02 5.364569952522177718e-05
1.485000000000000000e+02 6.064648348189164280e-05
1.495000000000000000e+02 5.758819649848135707e-05
1.505000000000000000e+02 6.711946488180253322e-05
1.515000000000000000e+02 5.486399085852917778e-05
1.525000000000000000e+02 5.381703342275388665e-05
1.535000000000000000e+02 5.999825354374393977e-05
1.545000000000000000e+02 5.200157057952993896e-05
1.555000000000000000e+02 5.748306530015017318e-05
1.565000000000000000e+02 5.559165233943901468e-05
1.575000000000000000e+02 5.126522872818692838e-05
1.585000000000000000e+02 5.130238783162845005e-05
1.595000000000000000e+02 5.514831993982952031e-05
1.605000000000000000e+02 5.727254686246219798e-05
1.615000000000000000e+02 6.034025592775522695e-05
1.625000000000000000e+02 5.991180254789613672e-05
1.635000000000000000e+02 5.937834336407572442e-05
1.645000000000000000e+02 5.613393993482755450e-05
1.655000000000000000e+02 5.677567789205197892e-05
1.665000000000000000e+02 5.127420572660085224e-05
1.675000000000000000e+02 5.326534663910594100e-05
1.685000000000000000e+02 4.865278686176481310e-05
1.695000000000000000e+02 5.079906963330599724e-05
1.705000000000000000e+02 5.780699667206160854e-05
1.715000000000000000e+02 5.005725240993077124e-05
1.725000000000000000e+02 4.687270937534677442e-05
1.735000000000000000e+02 5.313393653273343863e-05
1.745000000000000000e+02 5.148509192699783952e-05
1.755000000000000000e+02 4.857307910408000017e-05
1.765000000000000000e+02 4.501215227223001733e-05
1.775000000000000000e+02 5.387310308032891755e-05
1.785000000000000000e+02 4.931982564464716732e-05
1.795000000000000000e+02 5.286039658267542335e-05
1.805000000000000000e+02 5.232254759144254550e-05
1.815000000000000000e+02 4.931110248330556310e-05
1.825000000000000000e+02 5.150901095980838261e-05
1.835000000000000000e+02 5.850837409199222258e-05
1.845000000000000000e+02 5.705677000168336979e-05
1.855000000000000000e+02 5.600227545011699014e-05
1.865000000000000000e+02 5.275641259053503470e-05
1.875000000000000000e+02 4.986363348781775167e-05
1.885000000000000000e+02 5.104342889724669666e-05
1.895000000000000000e+02 5.208335884128055190e-05
1.905000000000000000e+02 5.392685665212735923e-05
1.915000000000000000e+02 5.672943083216711388e-05
1.925000000000000000e+02 5.275713141373325146e-05
1.935000000000000000e+02 4.769918963292501618e-05
1.945000000000000000e+02 4.533268700762389108e-05
1.955000000000000000e+02 4.813036061347164844e-05
1.965000000000000000e+02 4.838010097453147152e-05
1.975000000000000000e+02 4.729921054329008003e-05
1.985000000000000000e+02 4.493782044262357517e-05
1.995000000000000000e+02 4.708037470132663742e-05
2.005000000000000000e+02 4.273134612483042466e-05
2.015000000000000000e+02 4.197983388063678841e-05
2.025000000000000000e+02 5.360054679668276983e-05
2.035000000000000000e+02 4.195198681863394766e-05
2.045000000000000000e+02 3.923721708425143061e-05
2.055000000000000000e+02 4.540201324669324902e-05
2.065000000000000000e+02 4.472142782314985276e-05
2.075000000000000000e+02 4.070012912636650031e-05
2.085000000000000000e+02 4.558905132488542928e-05
2.095000000000000000e+02 4.116123820306685766e-05
2.105000000000000000e+02 4.690743219656555408e-05
2.115000000000000000e+02 4.594207821679124047e-05
2.125000000000000000e+02 4.329923215842312808e-05
2.135000000000000000e+02 4.403821831713984587e-05
2.145000000000000000e+02 4.512520415878131717e-05
2.155000000000000000e+02 4.840118969700348662e-05
2.165000000000000000e+02 5.130900208639647801e-05
2.175000000000000000e+02 5.197542275571051420e-05
2.185000000000000000e+02 5.072101501036709926e-05
2.195000000000000000e+02 4.641535370816338049e-05
2.205000000000000000e+02 4.449233273268249150e-05
2.215000000000000000e+02 4.380969832365647591e-05
2.225000000000000000e+02 4.188809628463650305e-05
2.235000000000000000e+02 4.070719140896945275e-05
2.245000000000000000e+02 4.369923519531467682e-05
2.255000000000000000e+02 3.960157474570401461e-05
2.265000000000000000e+02 4.193504132201992027e-05
2.275000000000000000e+02 4.051545616161954613e-05
2.285000000000000000e+02 3.625149236791276022e-05
2.295000000000000000e+02 4.168602055257913626e-05
2.305000000000000000e+02 4.135150578192401056e-05
2.315000000000000000e+02 4.325581807971547280e-05
2.325000000000000000e+02 4.706256449374808900e-05
2.335000000000000000e+02 4.722648861778993759e-05
2.345000000000000000e+02 4.980269373124251092e-05
2.355000000000000000e+02 5.024789471482213668e-05
2.365000000000000000e+02 5.111460718235100046e-05
2.375000000000000000e+02 5.166438837296844763e-05
2.385000000000000000e+02 5.161456275043464840e-05
2.395000000000000000e+02 5.071309048890229430e-05
2.405000000000000000e+02 4.933882992673420273e-05
2.415000000000000000e+02 4.814967093637004963e-05
2.425000000000000000e+02 4.784010731220498267e-05
2.435000000000000000e+02 4.262870801195914555e-05
2.445000000000000000e+02 3.981215432998236466e-05
2.455000000000000000e+02 3.817835224324017017e-05
2.465000000000000000e+02 3.711888302199175507e-05
2.475000000000000000e+02 3.393464260314982739e-05
2.485000000000000000e+02 3.430930116857212279e-05
2.495000000000000000e+02 3.866536574469295789e-05
2.505000000000000000e+02 3.733064144568358690e-05
2.515000000000000000e+02 3.613898226658221886e-05
2.525000000000000000e+02 3.557821086802391954e-05
2.535000000000000000e+02 3.381018305731587058e-05
2.545000000000000000e+02 3.205034169492274271e-05
2.555000000000000000e+02 3.688546258564255793e-05
2.565000000000000000e+02 3.788704905838736239e-05
2.575000000000000000e+02 4.213716493666754773e-05
2.585000000000000000e+02 4.402381738047283767e-05
2.595000000000000000e+02 4.452384653219612149e-05
2.605000000000000000e+02 4.579575493705418624e-05
2.615000000000000000e+02 4.696622091755882041e-05
2.625000000000000000e+02 4.695450220361282030e-05
2.635000000000000000e+02 4.647599658578531560e-05
2.645000000000000000e+02 4.425336181644201237e-05
2.655000000000000000e+02 3.989318026181027234e-05
2.665000000000000000e+02 3.560787044959272813e-05
2.675000000000000000e+02 4.257303199678288215e-05
2.685000000000000000e+02 4.557158970773904225e-05
2.695000000000000000e+02 4.753166582184540126e-05
2.705000000000000000e+02 4.743115696957101547e-05
2.715000000000000000e+02 4.499731295379694721e-05
2.725000000000000000e+02 4.413404482722308445e-05
2.735000000000000000e+02 4.283479598136098678e-05
2.745000000000000000e+02 4.148796669108001270e-05
2.755000000000000000e+02 3.664354139317744878e-05
2.765000000000000000e+02 3.450033913433242456e-05
2.775000000000000000e+02 3.120911106105110161e-05
2.785000000000000000e+02 3.017590579713947833e-05
2.795000000000000000e+02 3.328984254036801199e-05
2.805000000000000000e+02 3.231307487087568082e-05
2.815000000000000000e+02 3.204057735324997787e-05
2.825000000000000000e+02 3.182612400369457721e-05
2.835000000000000000e+02 3.450062891007043642e-05
2.845000000000000000e+02 3.902558498328548547e-05
2.855000000000000000e+02 3.945477598609302151e-05
2.865000000000000000e+02 3.980770771973588337e-05
2.875000000000000000e+02 3.914122654720805290e-05
2.885000000000000000e+02 3.417284136256745693e-05
2.895000000000000000e+02 3.007024291367973952e-05
2.905000000000000000e+02 3.359510801616790891e-05
2.915000000000000000e+02 3.872357452543202528e-05
2.925000000000000000e+02 4.100216578320029648e-05
2.935000000000000000e+02 4.326051109667809123e-05
2.945000000000000000e+02 4.417935249377670591e-05
2.955000000000000000e+02 4.371714367138760055e-05
2.965000000000000000e+02 4.338228780975915817e-05
2.975000000000000000e+02 4.065878625461110351e-05
2.985000000000000000e+02 3.642049350703309099e-05
2.995000000000000000e+02 3.679959081217619823e-05
3.005000000000000000e+02 3.544372099182411775e-05
3.015000000000000000e+02 3.124081250011486951e-05
3.025000000000000000e+02 2.613502965871835538e-05
3.035000000000000000e+02 2.641168175989578595e-05
3.045000000000000000e+02 3.116901222682191011e-05
3.055000000000000000e+02 3.530154460578829525e-05
3.065000000000000000e+02 3.737517588268885252e-05
3.075000000000000000e+02 4.054520129462135119e-05
3.085000000000000000e+02 4.197532701362000345e-05
3.095000000000000000e+02 4.083929422898302183e-05
3.105000000000000000e+02 4.292539950274354920e-05
3.115000000000000000e+02 4.253879371234838729e-05
3.125000000000000000e+02 4.252963942034648353e-05
3.135000000000000000e+02 3.966520465367690635e-05
3.145000000000000000e+02 3.310208546420042328e-05
3.155000000000000000e+02 3.285007938398823272e-05
3.165000000000000000e+02 3.934882892987686407e-05
3.175000000000000000e+02 4.196953452905777997e-05
3.185000000000000000e+02 4.172115899727448933e-05
3.195000000000000000e+02 4.093127485135575057e-05
3.205000000000000000e+02 3.921091805448855564e-05
3.215000000000000000e+02 3.549650805383400222e-05
3.225000000000000000e+02 3.130096487608132437e-05
3.235000000000000000e+02 2.476120350975334614e-05
3.245000000000000000e+02 2.796474777001245346e-05
3.255000000000000000e+02 3.275497858581658586e-05
3.265000000000000000e+02 3.029952001499202057e-05
3.275000000000000000e+02 2.416737700750227802e-05
3.285000000000000000e+02 2.899495525377617652e-05
3.295000000000000000e+02 3.283179217800628229e-05
3.305000000000000000e+02 3.664874893906851656e-05
3.315000000000000000e+02 3.791234100856409096e-05
3.325000000000000000e+02 3.716611682376643643e-05
3.335000000000000000e+02 3.362484323505821038e-05
3.345000000000000000e+02 2.808188130787681936e-05
3.355000000000000000e+02 2.720520292655026631e-05
3.365000000000000000e+02 3.277092671481931640e-05
3.375000000000000000e+02 3.658974075085726459e-05
3.385000000000000000e+02 3.787312252395184188e-05
3.395000000000000000e+02 3.531584736876945468e-05
3.405000000000000000e+02 2.951314001351605372e-05
3.415000000000000000e+02 3.456968574142328123e-05
3.425000000000000000e+02 3.517416613051805300e-05
3.435000000000000000e+02 3.267971645198700803e-05
3.445000000000000000e+02 3.784473937981391753e-05
3.455000000000000000e+02 3.714242544745166000e-05
3.465000000000000000e+02 3.780638180707110419e-05
3.475000000000000000e+02 3.612686698071730618e-05
3.485000000000000000e+02 3.231828813137885460e-05
3.495000000000000000e+02 2.390932426895858240e-05
3.505000000000000000e+02 2.774179233689438233e-05
3.515000000000000000e+02 2.442833568516512412e-05
3.525000000000000000e+02 2.731205013610144252e-05
3.535000000000000000e+02 2.800687709342085776e-05
3.545000000000000000e+02 2.426683338456093347e-05
3.555000000000000000e+02 2.919988219405757806e-05
3.565000000000000000e+02 2.861613479486694767e-05
3.575000000000000000e+02 2.624823183909855449e-05
3.585000000000000000e+02 2.865915661376507577e-05
3.595000000000000000e+02 3.434885846680355454e-05
3.605000000000000000e+02 3.749271949599681153e-05
3.615000000000000000e+02 3.949574953134291674e-05
3.625000000000000000e+02 3.950544465696177943e-05
3.635000000000000000e+02 4.134673879671318540e-05
3.645000000000000000e+02 4.226901056340346888e-05
3.655000000000000000e+02 4.216766935622694439e-05
3.665000000000000000e+02 4.117140364299630862e-05
3.675000000000000000e+02 3.919471293537884837e-05
3.685000000000000000e+02 3.484062098658885677e-05
3.695000000000000000e+02 2.714037820516898290e-05
3.705000000000000000e+02 2.816802883446295318e-05
3.715000000000000000e+02 3.394887558419229582e-05
3.725000000000000000e+02 3.416852798551514689e-05
3.735000000000000000e+02 3.005982520159106467e-05
3.745000000000000000e+02 2.331753087907077621e-05
3.755000000000000000e+02 2.537485123883745922e-05
3.765000000000000000e+02 2.598335656857192862e-05
3.775000000000000000e+02 3.251529769813471478e-05
3.785000000000000000e+02 3.481285407262127185e-05
3.795000000000000000e+02 3.789640257972173344e-05
3.805000000000000000e+02 3.866701100963697611e-05
3.815000000000000000e+02 3.828021095144538462e-05
3.825000000000000000e+02 3.593029334821178675e-05
3.835000000000000000e+02 2.981615784741668024e-05
3.845000000000000000e+02 2.501064066443801090e-05
3.855000000000000000e+02 2.488613652137709766e-05
3.865000000000000000e+02 3.159538309001553224e-05
3.875000000000000000e+02 3.625176000456475001e-05
3.885000000000000000e+02 3.866017874749852517e-05
3.895000000000000000e+02 3.971008894869178669e-05
3.905000000000000000e+02 3.950620144901070916e-05
3.915000000000000000e+02 3.802001311933023956e-05
3.925000000000000000e+02 3.546536212223356653e-05
3.935000000000000000e+02 2.954636634043393838e-05
3.945000000000000000e+02 2.473204387429205043e-05
3.955000000000000000e+02 2.811547810550772011e-05
3.965000000000000000e+02 2.327939245852439704e-05
3.975000000000000000e+02 2.150840304133502874e-05
3.990000000000000000e+02 2.446794790025953395e-05
4.020000000000000000e+02 3.324620956170748482e-05
4.060000000000000000e+02 4.015541148976913618e-05
4.100000000000000000e+02 4.120467529010308594e-05
4.140000000000000000e+02 3.555195247413713087e-05
4.180000000000000000e+02 2.262871976571641315e-05
4.220000000000000000e+02 2.499450611312807285e-05
4.260000000000000000e+02 3.066273806290525179e-05
4.300000000000000000e+02 3.185899229687917216e-05
4.340000000000000000e+02 3.430657913219879398e-05
4.380000000000000000e+02 3.316902484460197562e-05
4.420000000000000000e+02 2.516590964619058363e-05
4.460000000000000000e+02 3.019921275682280331e-05
4.500000000000000000e+02 3.455691139661430525e-05
4.540000000000000000e+02 2.722661220377168241e-05
4.580000000000000000e+02 2.098600336293491900e-05
4.620000000000000000e+02 2.964246152686038466e-05
4.660000000000000000e+02 3.278011530813632469e-05
4.700000000000000000e+02 2.615553243365737035e-05
4.740000000000000000e+02 2.339439707572595433e-05
4.780000000000000000e+02 3.287488084655099016e-05
4.820000000000000000e+02 2.752794067245073635e-05
4.860000000000000000e+02 2.649184511283300729e-05
4.900000000000000000e+02 3.087872615174885014e-05
4.940000000000000000e+02 3.015889565351662530e-05
4.980000000000000000e+02 3.470260036882520497e-05
5.020000000000000000e+02 2.215933072021740902e-05
5.060000000000000000e+02 2.177572635598213358e-05
5.100000000000000000e+02 2.701893216234977905e-05
5.140000000000000000e+02 2.824865672802340775e-05
5.180000000000000000e+02 1.862334383432505359e-05
5.220000000000000000e+02 2.630139836380468592e-05
5.260000000000000000e+02 2.024366270035816412e-05
5.300000000000000000e+02 3.165596189101550214e-05
5.340000000000000000e+02 3.107000686974188236e-05
5.380000000000000000e+02 2.854557668856685313e-05
5.420000000000000000e+02 2.839018265249045733e-05
5.460000000000000000e+02 1.970198042358011362e-05
5.500000000000000000e+02 2.366393558887696418e-05
5.540000000000000000e+02 2.616756782420844818e-05
5.580000000000000000e+02 3.261441598117125829e-05
5.620000000000000000e+02 2.826031745190202589e-05
5.660000000000000000e+02 2.174677535949083015e-05
5.700000000000000000e+02 1.946843472015814315e-05
5.740000000000000000e+02 2.345757207718824621e-05
5.780000000000000000e+02 2.066061943565688030e-05
5.820000000000000000e+02 2.008060884866016602e-05
5.860000000000000000e+02 2.010104975766588932e-05
5.900000000000000000e+02 1.830033052335335738e-05
5.940000000000000000e+02 1.513275971814162388e-05
5.980000000000000000e+02 1.408272466172360443e-05
6.020000000000000000e+02 1.346470967910982892e-05
6.060000000000000000e+02 1.202701566102365272e-05
6.100000000000000000e+02 1.200467509914033473e-05
6.140000000000000000e+02 1.038243538651885357e-05
6.180000000000000000e+02 6.565154375685352605e-06
6.220000000000000000e+02 1.110946275415240356e-05
6.260000000000000000e+02 7.561809991439805441e-06
6.300000000000000000e+02 6.623866043024141259e-06
6.340000000000000000e+02 5.044657245706031583e-06
6.380000000000000000e+02 4.133372852378181877e-06
6.420000000000000000e+02 3.276277599188475027e-06
6.460000000000000000e+02 2.731059956545727655e-06
6.500000000000000000e+02 2.425336223260868461e-06
6.540000000000000000e+02 2.163680505568023724e-06
6.580000000000000000e+02 1.936022177972349834e-06
6.620000000000000000e+02 2.045862490645561353e-06
6.660000000000000000e+02 2.023241961737060142e-06
6.700000000000000000e+02 2.273445773258671618e-06
6.740000000000000000e+02 1.683146100186167010e-06
6.780000000000000000e+02 1.819667330990364465e-06
6.820000000000000000e+02 1.710319284494496804e-06
6.860000000000000000e+02 1.790292232289049169e-06
6.900000000000000000e+02 1.932732718068615210e-06
6.940000000000000000e+02 2.138882960429249182e-06
6.980000000000000000e+02 2.443718948981548254e-06
7.020000000000000000e+02 2.809963562780757226e-06
7.060000000000000000e+02 3.467794867107440814e-06
7.100000000000000000e+02 4.150760793024174853e-06
7.140000000000000000e+02 5.122502652767201325e-06
7.180000000000000000e+02 4.511485865613437138e-06
7.220000000000000000e+02 4.910241563876394616e-06
7.260000000000000000e+02 7.231604362892157652e-06
7.300000000000000000e+02 5.605443724795930968e-06
7.340000000000000000e+02 6.466485341632147383e-06
7.380000000000000000e+02 6.185252734332400880e-06
7.420000000000000000e+02 6.454337335187282999e-06
7.460000000000000000e+02 1.040617313990971557e-05
7.500000000000000000e+02 1.275574901167758371e-05
7.540000000000000000e+02 1.280263873927375518e-05
7.580000000000000000e+02 2.282355870864090751e-05
7.620000000000000000e+02 2.662032298160779033e-05
7.660000000000000000e+02 2.848236769204533865e-05
7.700000000000000000e+02 2.352717218947991240e-05
7.740000000000000000e+02 2.589341883594797043e-05
7.780000000000000000e+02 1.866177826026899067e-05
7.820000000000000000e+02 2.589542916955499515e-05
7.860000000000000000e+02 2.229787303837649961e-05
7.900000000000000000e+02 2.637285036708662310e-05
7.940000000000000000e+02 1.643567322810721479e-05
7.980000000000000000e+02 1.277970276135307210e-05
8.020000000000000000e+02 1.996938765417170382e-05
8.060000000000000000e+02 2.421372322833372073e-05
8.100000000000000000e+02 2.521254107591288006e-05
8.140000000000000000e+02 2.205904978828471130e-05
8.180000000000000000e+02 2.773951824075090425e-05
8.220000000000000000e+02 2.745487248920958133e-05
8.260000000000000000e+02 2.367982263600279289e-05
8.300000000000000000e+02 2.608220595196411663e-05
8.340000000000000000e+02 2.635769875810242409e-05
8.380000000000000000e+02 2.453132469909165912e-05
8.420000000000000000e+02 2.379614050005829774e-05
8.460000000000000000e+02 2.508267018877387668e-05
8.500000000000000000e+02 2.064222392170341784e-05
8.540000000000000000e+02 1.579396828601991316e-05
8.580000000000000000e+02 2.364688827251485917e-05
8.620000000000000000e+02 2.365277542641175409e-05
8.660000000000000000e+02 2.029145556182042053e-05
8.700000000000000000e+02 2.064412178185321838e-05
8.740000000000000000e+02 2.247860606771216445e-05
8.780000000000000000e+02 1.995263276779928670e-05
8.820000000000000000e+02 2.063616380361986207e-05
8.860000000000000000e+02 1.893110968054350236e-05
8.900000000000000000e+02 1.855739957090166012e-05
8.940000000000000000e+02 2.031791459878032880e-05
8.980000000000000000e+02 2.060518808068810209e-05
9.020000000000000000e+02 1.610061188158035125e-05
9.060000000000000000e+02 1.833803341127320516e-05
9.100000000000000000e+02 1.591898203950883740e-05
9.140000000000000000e+02 1.482395855706791360e-05
9.180000000000000000e+02 1.653994574821525157e-05
9.220000000000000000e+02 1.403263429343589915e-05
9.260000000000000000e+02 1.252247341624592086e-05
9.300000000000000000e+02 1.692016235087435253e-05
9.340000000000000000e+02 1.041124088440688246e-05
9.380000000000000000e+02 1.558003724188223289e-05
9.420000000000000000e+02 1.541948962731590103e-05
9.460000000000000000e+02 9.590267000321398225e-06
9.500000000000000000e+02 1.494012185217369382e-05
9.540000000000000000e+02 1.023937085382390196e-05
9.580000000000000000e+02 1.455860354286077793e-05
9.620000000000000000e+02 1.467873896519534735e-05
9.660000000000000000e+02 1.101999265326303155e-05
9.700000000000000000e+02 1.414434566346616668e-05
9.740000000000000000e+02 9.503345396325508894e-06
9.780000000000000000e+02 1.074056023230920840e-05
9.820000000000000000e+02 5.933945635199163388e-06
9.860000000000000000e+02 4.214400403273365191e-06
9.900000000000000000e+02 1.767451006196205187e-06
9.940000000000000000e+02 5.290082309306459549e-06
9.980000000000000000e+02 1.299094243692671396e-05
1.002000000000000000e+03 1.058475992653729796e-05
1.006000000000000000e+03 1.146102008262163901e-05
1.010000000000000000e+03 6.513678626733861050e-06
1.014000000000000000e+03 1.027010685732240692e-05
1.018000000000000000e+03 5.119952404800014820e-06
1.022000000000000000e+03 8.835622204618075095e-06
1.026000000000000000e+03 4.883563697322585775e-06
1.030000000000000000e+03 5.412817147646532333e-06
1.034000000000000000e+03 4.039416531987162437e-06
1.038000000000000000e+03 3.915106785764478946e-06
1.042000000000000000e+03 3.793188637033097521e-06
1.046000000000000000e+03 2.165010468051307207e-06
1.050000000000000000e+03 2.918307533579720554e-06
1.054000000000000000e+03 2.422545529940366639e-06
1.058000000000000000e+03 2.497733077152107481e-06
1.062000000000000000e+03 3.079568702609758151e-06
1.066000000000000000e+03 2.464143817757692005e-06
1.070000000000000000e+03 2.741128250537730065e-06
1.074000000000000000e+03 2.575515569153347894e-06
1.078000000000000000e+03 3.142650423070658475e-06
1.082000000000000000e+03 3.862071210206757574e-06
1.086000000000000000e+03 4.895502452257636900e-06
1.090000000000000000e+03 4.469636264717465487e-06
1.094000000000000000e+03 6.789366438483204526e-06
1.098000000000000000e+03 6.032508469061978634e-06
1.102000000000000000e+03 6.272499514637292570e-06
1.106000000000000000e+03 5.362766891488593164e-06
1.110000000000000000e+03 4.441431616283106224e-06
1.114000000000000000e+03 3.086557842893009875e-06
1.118000000000000000e+03 1.263601775261091175e-06
1.122000000000000000e+03 1.201766791899275822e-06
1.126000000000000000e+03 4.412601107202394074e-06
1.130000000000000000e+03 3.025182839216948394e-06
1.134000000000000000e+03 2.757113003609776568e-06
1.138000000000000000e+03 2.621394864850981403e-06
1.142000000000000000e+03 3.952831262776856041e-06
1.146000000000000000e+03 5.829706406467727366e-06
1.150000000000000000e+03 3.067414757898597044e-06
1.154000000000000000e+03 5.014144743164372016e-06
1.158000000000000000e+03 6.940664109861280495e-06
1.162000000000000000e+03 3.661185074744413689e-06
1.166000000000000000e+03 3.589489252349849253e-06
1.170000000000000000e+03 5.020526261677273900e-06
1.174000000000000000e+03 1.413036822306800646e-06
1.178000000000000000e+03 4.588575656322241181e-06
1.182000000000000000e+03 4.231075650707333076e-06
1.186000000000000000e+03 1.466864996474904227e-06
1.190000000000000000e+03 4.100038838914475602e-06
1.194000000000000000e+03 3.526000405058381198e-06
1.198000000000000000e+03 1.544259734071601416e-06
1.202000000000000000e+03 3.669020552866769191e-06
1.206000000000000000e+03 3.175192543784028789e-06
1.210000000000000000e+03 1.080194201405352996e-06
1.214000000000000000e+03 2.346488771849502398e-06
1.218000000000000000e+03 1.118962702493901752e-06
1.222000000000000000e+03 1.231184194774449646e-06
1.226000000000000000e+03 1.621523677302495028e-06
1.230000000000000000e+03 7.135294652350879352e-07
1.234000000000000000e+03 2.856839977707542688e-06
1.238000000000000000e+03 6.295724731727480976e-07
1.242000000000000000e+03 4.852049703540103857e-07
1.246000000000000000e+03 3.199377966556547901e-07
1.250000000000000000e+03 9.198332008503205066e-07
1.254000000000000000e+03 4.626239160101086635e-07
1.258000000000000000e+03 5.584595703127470249e-07
1.262000000000000000e+03 1.052121283678802962e-07
1.266000000000000000e+03 2.754633590760811495e-07
1.270000000000000000e+03 9.034250186226058147e-08
1.274000000000000000e+03 3.720780666884270928e-07
1.278000000000000000e+03 4.026078065433959469e-07
1.282000000000000000e+03 1.855994262166176152e-07
1.286000000000000000e+03 3.865421579119668189e-07
1.290000000000000000e+03 3.704986302208007328e-07
1.294000000000000000e+03 1.586705505497423432e-07
1.298000000000000000e+03 1.582864209835175699e-07
1.302000000000000000e+03 3.216632606711917827e-08
1.306000000000000000e+03 6.583083979703710610e-08
1.310000000000000000e+03 3.366112553145054452e-07
1.314000000000000000e+03 3.879683606341700530e-07
1.318000000000000000e+03 2.115720610911582084e-07
1.322000000000000000e+03 2.064227043206901743e-07
1.326000000000000000e+03 2.647680893868621924e-07
1.330000000000000000e+03 2.594246153581647467e-07
1.334000000000000000e+03 1.667501806569760903e-07
1.338000000000000000e+03 8.916425222862953615e-08
1.342000000000000000e+03 6.237626132283708797e-08
1.346000000000000000e+03 1.478894476718972538e-07
1.350000000000000000e+03 1.251488573381439851e-07
1.354000000000000000e+03 1.172883920680433647e-07
1.358000000000000000e+03 1.651574234888272141e-07
1.362000000000000000e+03 8.970682532415888455e-08
1.366000000000000000e+03 1.813434953048443853e-07
1.370000000000000000e+03 1.717855921006199201e-07
1.374000000000000000e+03 1.093421433746152928e-07
1.378000000000000000e+03 1.824775175491414349e-07
1.382000000000000000e+03 2.902433661744048957e-07
1.386000000000000000e+03 1.816886469443454056e-07
1.390000000000000000e+03 2.002091197760079090e-07
1.394000000000000000e+03 1.181887814411776930e-07
1.398000000000000000e+03 9.994660950816209004e-08
1.402000000000000000e+03 1.778398111497640399e-07
1.406000000000000000e+03 1.516591845178951353e-07
1.410000000000000000e+03 2.116800511870743997e-07
1.414000000000000000e+03 1.915450083913737585e-07
1.418000000000000000e+03 7.238249267813213299e-08
1.422000000000000000e+03 9.529060788213770486e-08
1.426000000000000000e+03 1.343747230683052248e-07
1.430000000000000000e+03 9.763559341578582316e-08
1.434000000000000000e+03 9.432857838102931584e-08
1.438000000000000000e+03 7.295991847259040592e-08
1.442000000000000000e+03 1.480967132212252300e-07
1.446000000000000000e+03 1.136594729758286120e-07
1.450000000000000000e+03 9.151303058284257352e-08
1.454000000000000000e+03 6.386459729815107478e-08
1.458000000000000000e+03 2.922982989882992463e-08
1.462000000000000000e+03 7.350142825337932651e-08
1.466000000000000000e+03 5.097981345338116840e-08
1.470000000000000000e+03 6.912958207671878172e-08
1.474000000000000000e+03 3.382556070944923341e-08
1.478000000000000000e+03 7.893024022455173289e-08
1.482000000000000000e+03 8.271150096679926928e-08
1.486000000000000000e+03 6.484456445762309165e-08
1.490000000000000000e+03 3.814690360208077591e-08
1.494000000000000000e+03 5.264383751913744973e-08
1.498000000000000000e+03 2.944673966689251650e-08
1.502000000000000000e+03 4.677272127962617442e-08
1.506000000000000000e+03 1.880738859790907507e-08
1.510000000000000000e+03 3.628517790152199161e-08
1.514000000000000000e+03 4.218645507861251984e-08
1.518000000000000000e+03 2.848459699391699042e-08
1.522000000000000000e+03 1.945839622443805709e-08
1.526000000000000000e+03 3.056222290084771377e-08
1.530000000000000000e+03 4.040966439451636968e-08
1.534000000000000000e+03 2.120962844954811538e-08
1.538000000000000000e+03 1.443420325930246640e-08
1.542000000000000000e+03 1.308568894049671364e-08
1.546000000000000000e+03 3.118405878803450362e-08
1.550000000000000000e+03 3.518846726328153424e-08
1.554000000000000000e+03 2.617387832868969338e-08
1.558000000000000000e+03 1.169624373595694490e-08
1.562000000000000000e+03 2.299475684214688410e-08
1.566000000000000000e+03 2.792971683936373369e-08
1.570000000000000000e+03 2.055407451440953810e-08
1.574000000000000000e+03 2.501005358285258643e-08
1.578000000000000000e+03 2.151279869787757944e-08
1.582000000000000000e+03 5.526667573201306631e-08
1.586000000000000000e+03 7.567268143126809525e-08
1.590000000000000000e+03 6.219053433253646079e-08
1.594000000000000000e+03 5.486933279783610219e-08
1.598000000000000000e+03 6.622624735976513067e-08
1.602000000000000000e+03 4.503862262709046877e-08
1.606000000000000000e+03 4.860532448839209838e-08
1.610000000000000000e+03 3.066256373131582341e-08
1.614000000000000000e+03 2.600323152933385672e-08
1.618000000000000000e+03 1.350421455745821883e-08
1.622000000000000000e+03 1.737197591982695241e-08
1.626000000000000000e+03 1.820236619384389762e-08
1.630000000000000000e+03 2.551496239372347438e-08
1.634000000000000000e+03 1.287412302912406604e-08
1.638000000000000000e+03 1.441774373318984105e-08
1.642000000000000000e+03 2.327611007603078388e-08
1.646000000000000000e+03 9.458268439675935381e-09
1.650000000000000000e+03 1.098534904962144247e-08
1.654000000000000000e+03 5.822758453681937433e-09
1.658000000000000000e+03 2.096113412447490083e-08
1.662000000000000000e+03 1.384090780995353219e-08
1.666000000000000000e+03 1.966962312925249533e-08
1.670000000000000000e+03 8.146639656723425138e-09
1.674000000000000000e+03 1.120341694701125007e-08
1.678000000000000000e+03 1.582377594612753791e-08
1.682000000000000000e+03 1.054039679340438887e-08
1.686000000000000000e+03 8.029037121723626237e-09
1.690000000000000000e+03 1.417976123225303790e-08
1.694000000000000000e+03 1.103311225953676097e-08
1.698000000000000000e+03 6.159598198097655356e-09
1.702000000000000000e+03 7.779327752481367266e-09
1.706000000000000000e+03 8.157461663127441296e-09
1.710000000000000000e+03 1.696726712723466998e-08
1.714000000000000000e+03 1.104350225253938705e-08
1.718000000000000000e+03 6.138004980878611762e-09
1.722000000000000000e+03 1.689020569294221585e-08
1.726000000000000000e+03 2.466931480650186974e-08
1.730000000000000000e+03 1.380067766288671917e-08
1.734000000000000000e+03 5.453795244023905101e-09
1.738000000000000000e+03 9.183275582462158423e-09
1.742000000000000000e+03 9.404319300035059463e-09
1.746000000000000000e+03 1.136943099666327997e-08
1.750000000000000000e+03 7.139071003506190880e-09
1.754000000000000000e+03 1.682418874595096952e-08
1.758000000000000000e+03 1.312501324365796339e-08
1.762000000000000000e+03 1.045441905333648188e-08
1.766000000000000000e+03 1.715364271252567461e-08
1.770000000000000000e+03 7.067401052903840019e-09
1.774000000000000000e+03 5.941819694136356488e-09
1.778000000000000000e+03 1.513708059540215068e-08
1.782000000000000000e+03 1.396214321411031212e-08
1.786000000000000000e+03 1.807375273632782945e-08
1.790000000000000000e+03 1.251313779938428335e-08
1.794000000000000000e+03 7.389086447541511970e-09
1.798000000000000000e+03 1.086668381309440219e-08
1.802000000000000000e+03 1.259020181347061184e-08
1.806000000000000000e+03 2.127362637469539608e-08
1.810000000000000000e+03 1.302941825926565922e-08
1.814000000000000000e+03 2.796362858653755499e-08
1.818000000000000000e+03 3.107390918427429900e-08
1.822000000000000000e+03 2.328886214380455206e-08
1.826000000000000000e+03 9.196576176299389611e-09
1.830000000000000000e+03 6.204728995543335764e-09
1.834000000000000000e+03 1.852634541803643256e-08
1.838000000000000000e+03 1.630063571635816451e-08
1.842000000000000000e+03 1.140491643748035099e-08
1.846000000000000000e+03 6.884927818360051500e-09
1.850000000000000000e+03 2.164199014954691232e-08
1.854000000000000000e+03 3.282570425573785887e-08
1.858000000000000000e+03 2.887958199070175567e-08
1.862000000000000000e+03 2.751452959089768219e-08
1.866000000000000000e+03 1.096207868715757209e-08
1.870000000000000000e+03 6.951675384791104784e-09
1.874000000000000000e+03 2.628878922436068112e-08
1.878000000000000000e+03 3.582396144588095702e-08
1.882000000000000000e+03 3.653585525517992551e-08
1.886000000000000000e+03 1.764275893243734721e-08
1.890000000000000000e+03 9.706967366670699469e-09
1.894000000000000000e+03 1.494317754995233758e-08
1.898000000000000000e+03 3.168853810490283191e-08
1.902000000000000000e+03 3.471776467632192489e-08
1.906000000000000000e+03 1.732126010983621502e-08
1.910000000000000000e+03 1.050763086797430001e-08
1.914000000000000000e+03 1.898018706480617508e-08
1.918000000000000000e+03 6.897377083203632708e-09
1.922000000000000000e+03 8.336354333400962310e-09
1.926000000000000000e+03 2.173892980115011301e-08
1.930000000000000000e+03 4.285618683347636672e-08
1.934000000000000000e+03 2.431393845746810712e-08
1.938000000000000000e+03 3.479081788912334605e-08
1.942000000000000000e+03 9.382599895958309721e-09
1.946000000000000000e+03 1.102165699451695146e-08
1.950000000000000000e+03 3.555087702800374536e-08
1.954000000000000000e+03 3.007895053727449215e-08
1.958000000000000000e+03 3.916908815606319321e-08
1.962000000000000000e+03 2.845935214536335408e-08
1.966000000000000000e+03 1.383509291763146326e-08
1.970000000000000000e+03 2.966332639974339582e-08
1.974000000000000000e+03 5.812143530083333772e-08
1.978000000000000000e+03 7.007615992491108146e-08
1.982000000000000000e+03 6.876123710220904595e-08
1.986000000000000000e+03 3.696029513824766142e-08
1.990000000000000000e+03 1.115851453651490540e-08
1.996000000000000000e+03 2.242286449514134936e-08
2.005000000000000000e+03 5.063626194239925991e-08
2.015000000000000000e+03 2.914960624423363860e-08
2.025000000000000000e+03 3.672154401142279823e-08
2.035000000000000000e+03 4.342091049358782337e-08
2.045000000000000000e+03 1.151936157370438815e-08
2.055000000000000000e+03 4.434505861562534237e-09
2.065000000000000000e+03 1.299545012460665481e-09
2.075000000000000000e+03 6.451936610178748921e-10
2.085000000000000000e+03 2.910286328545738496e-10
2.095000000000000000e+03 1.442415270803557565e-10
2.105000000000000000e+03 1.153284873670765992e-10
2.115000000000000000e+03 5.857584625527230475e-11
2.125000000000000000e+03 4.829303038562008552e-11
2.135000000000000000e+03 6.214181643814249338e-11
2.145000000000000000e+03 2.388382941486455807e-10
2.155000000000000000e+03 2.863453612143937467e-11
2.165000000000000000e+03 1.707123660437591986e-11
2.175000000000000000e+03 2.329269647700979795e-11
2.185000000000000000e+03 4.636772118225221325e-11
2.195000000000000000e+03 7.616132308231408022e-11
2.205000000000000000e+03 1.491939832147149770e-10
2.215000000000000000e+03 4.766261487711470480e-10
2.225000000000000000e+03 1.674816211368661400e-09
2.235000000000000000e+03 3.742196678700485049e-09
2.245000000000000000e+03 5.821174623864986082e-09
2.255000000000000000e+03 3.992647962337776060e-09
2.265000000000000000e+03 2.105702517709409017e-09
2.275000000000000000e+03 1.139984666453054648e-09
2.285000000000000000e+03 5.624270424688279042e-10
2.295000000000000000e+03 1.365106335482675877e-10
2.305000000000000000e+03 1.690576182533519707e-11
2.315000000000000000e+03 4.907088751580335357e-12
2.325000000000000000e+03 3.469838973935248814e-12
2.335000000000000000e+03 2.789696242915954930e-12
2.345000000000000000e+03 2.438524725901289912e-12
2.355000000000000000e+03 1.995664536836875995e-12
2.365000000000000000e+03 1.630240754678951131e-12
2.375000000000000000e+03 2.394596973713324784e-12
2.385000000000000000e+03 7.032139544850063036e-11
2.395000000000000000e+03 9.766749699002011879e-10
2.405000000000000000e+03 1.628928164998374666e-09
2.415000000000000000e+03 2.361304779327519013e-09
2.425000000000000000e+03 6.958373820909224407e-09
2.435000000000000000e+03 1.046199067223260066e-08
2.445000000000000000e+03 1.919709098951800268e-08
2.455000000000000000e+03 2.096425951053918096e-08
2.465000000000000000e+03 2.541552172390836733e-08
2.475000000000000000e+03 2.155822707242856287e-08
2.485000000000000000e+03 2.487273532654737289e-08
2.495000000000000000e+03 2.011461105758008896e-08
2.505000000000000000e+03 2.220840238469951312e-08
2.515000000000000000e+03 1.794468917315755211e-08
2.525000000000000000e+03 1.868131010911635248e-08
2.535000000000000000e+03 1.795889647322398223e-08
2.545000000000000000e+03 1.636453291978137878e-08
2.555000000000000000e+03 1.495448691397561429e-08
2.565000000000000000e+03 1.231156983230633607e-08
2.575000000000000000e+03 1.358928445431281943e-08
2.585000000000000000e+03 1.203288289534908106e-08
2.595000000000000000e+03 1.102882661716073863e-08
2.605000000000000000e+03 9.770143938505881554e-09
2.615000000000000000e+03 1.180295148853568299e-08
2.625000000000000000e+03 1.148899886441220105e-08
2.635000000000000000e+03 7.791400287968482929e-09
2.645000000000000000e+03 9.169161210262875536e-09
2.655000000000000000e+03 8.169548706238428862e-09
2.665000000000000000e+03 8.341491809964362894e-09
2.675000000000000000e+03 7.513029022979368738e-09
2.685000000000000000e+03 7.145511735850097696e-09
2.695000000000000000e+03 5.621876244004142527e-09
2.705000000000000000e+03 7.473001743085259647e-09
2.715000000000000000e+03 6.180023586672003407e-09
2.725000000000000000e+03 5.412173335635601451e-09
2.735000000000000000e+03 6.564600300795370088e-09
2.745000000000000000e+03 4.265145799052426357e-09
2.755000000000000000e+03 4.069283273671777524e-09
2.765000000000000000e+03 4.822296369278374195e-09
2.775000000000000000e+03 3.008359454549837033e-09
2.785000000000000000e+03 2.296776098347975561e-09
2.795000000000000000e+03 1.896672932597802745e-09
2.805000000000000000e+03 2.676107820123027796e-09
2.815000000000000000e+03 2.099693365969202780e-09
2.825000000000000000e+03 7.941523414696630379e-10
2.835000000000000000e+03 2.084298941138793365e-09
2.845000000000000000e+03 2.566992972386320362e-09
2.855000000000000000e+03 2.004450356045744964e-09
2.865000000000000000e+03 9.398782271421425163e-10
2.875000000000000000e+03 7.428979490775753890e-10
2.885000000000000000e+03 9.133013608988610850e-10
2.895000000000000000e+03 1.100001298791281634e-09
2.905000000000000000e+03 6.257945491901871505e-10
2.915000000000000000e+03 5.714215992281340623e-10
2.925000000000000000e+03 5.366989184103062710e-10
2.935000000000000000e+03 1.798146191350368550e-10
2.945000000000000000e+03 3.674142217838835507e-10
2.955000000000000000e+03 1.804597054797851705e-10
2.965000000000000000e+03 1.631821029635037102e-10
2.975000000000000000e+03 7.060168873172964289e-11
2.985000000000000000e+03 1.208989637562526342e-10
2.995000000000000000e+03 9.317956360415928556e-11
3.005000000000000000e+03 1.003234151284138021e-10
3.015000000000000000e+03 2.178956218030817172e-13
3.025000000000000000e+03 4.160364319499837493e-11
3.035000000000000000e+03 3.171930195098780943e-11
3.045000000000000000e+03 2.103946281657986790e-10
3.055000000000000000e+03 5.167057386665888220e-11
3.065000000000000000e+03 1.579857584607978423e-11
3.075000000000000000e+03 2.050224828809597841e-11
3.085000000000000000e+03 8.411138680807396465e-12
3.095000000000000000e+03 2.940195649727789568e-11
3.105000000000000000e+03 1.186198444411342739e-11
3.115000000000000000e+03 1.177749215925785082e-11
3.125000000000000000e+03 2.051009602566849618e-11
3.135000000000000000e+03 5.008484151546219934e-11
3.145000000000000000e+03 1.535864140160857879e-10
3.155000000000000000e+03 3.488885942916656152e-10
3.165000000000000000e+03 3.764262445565928148e-10
3.175000000000000000e+03 1.064797023752936012e-10
3.185000000000000000e+03 9.738980027548711350e-11
3.195000000000000000e+03 8.233972377526440357e-11
3.205000000000000000e+03 1.037252027826865249e-10
3.215000000000000000e+03 1.902958726972971520e-11
3.225000000000000000e+03 3.890456941388436608e-11
3.235000000000000000e+03 2.727454484707828962e-11
3.245000000000000000e+03 3.614459371842810709e-11
3.255000000000000000e+03 3.733269912736862699e-11
3.265000000000000000e+03 5.071127381954831072e-11
3.275000000000000000e+03 1.553082199874195502e-11
3.285000000000000000e+03 3.605204458061669464e-11
3.295000000000000000e+03 2.505676364240300164e-11
3.305000000000000000e+03 5.282173127308249524e-11
3.315000000000000000e+03 3.718017670077104514e-11
3.325000000000000000e+03 4.044328151404751293e-11
3.335000000000000000e+03 4.606733482453059855e-11
3.345000000000000000e+03 8.627509775894259842e-11
3.355000000000000000e+03 2.551506635732958254e-11
3.365000000000000000e+03 7.771414897247106069e-12
3.375000000000000000e+03 4.572054691365214479e-11
3.385000000000000000e+03 2.391701397534635195e-11
3.395000000000000000e+03 1.346822967400357176e-11
3.405000000000000000e+03 2.481786951761410924e-11
3.415000000000000000e+03 2.910673956832041254e-11
3.425000000000000000e+03 1.023696051558558031e-11
3.435000000000000000e+03 1.612069483211019696e-11
3.445000000000000000e+03 3.270409803148244041e-12
3.455000000000000000e+03 1.490163716781278668e-11
3.465000000000000000e+03 5.790574297426482475e-12
3.475000000000000000e+03 6.977706434383725608e-12
3.485000000000000000e+03 2.233037101805594607e-12
3.495000000000000000e+03 4.312352754497025833e-12
3.505000000000000000e+03 1.217067832923561209e-12
3.515000000000000000e+03 2.665579423343116145e-12
3.525000000000000000e+03 7.078137150094920126e-13
3.535000000000000000e+03 1.877662308172851831e-12
3.545000000000000000e+03 6.214815910657747840e-13
3.555000000000000000e+03 3.127276714221097696e-13
3.565000000000000000e+03 5.484782325191792922e-14
3.575000000000000000e+03 4.862842392440452275e-14
3.585000000000000000e+03 1.031186348634313080e-14
3.595000000000000000e+03 8.021598201965468989e-16
3.605000000000000000e+03 1.589531539259199740e-16
3.615000000000000000e+03 8.840544530240929806e-16
3.625000000000000000e+03 8.102318559880594905e-17
3.635000000000000000e+03 1.739074508621429924e-15
3.645000000000000000e+03 2.694412426603414430e-14
3.655000000000000000e+03 6.284309667944386383e-14
3.665000000000000000e+03 1.324399703309626997e-13
3.675000000000000000e+03 1.054931186786430335e-14
3.685000000000000000e+03 7.602542693795280996e-15
3.695000000000000000e+03 3.952619507579043086e-16
3.705000000000000000e+03 1.255929742412956620e-16
3.715000000000000000e+03 1.565296963309401432e-16
3.725000000000000000e+03 3.253004361693056070e-17
3.735000000000000000e+03 7.260558878057891449e-17
3.745000000000000000e+03 2.292941855135244880e-15
3.755000000000000000e+03 1.375219538588545982e-14
3.765000000000000000e+03 3.343520825458408053e-14
3.775000000000000000e+03 7.751618329223470243e-14
3.785000000000000000e+03 8.885309747600605304e-14
3.795000000000000000e+03 6.874517434426894130e-14
3.805000000000000000e+03 1.071187262584600498e-14
3.815000000000000000e+03 2.107260506541199914e-14
3.825000000000000000e+03 1.228622473087249616e-14
3.835000000000000000e+03 7.604064293200144391e-15
3.845000000000000000e+03 1.724173706236309017e-14
3.855000000000000000e+03 8.256359605554199232e-15
3.865000000000000000e+03 8.757868346518437296e-15
3.875000000000000000e+03 2.100884569616882422e-14
3.885000000000000000e+03 1.603946124365904245e-14
3.895000000000000000e+03 2.189416877281902992e-14
3.905000000000000000e+03 3.605784449328921055e-14
3.915000000000000000e+03 1.092749244329897161e-13
3.925000000000000000e+03 5.207378937925178296e-14
3.935000000000000000e+03 1.241230119062820806e-13
3.945000000000000000e+03 1.017758545085566367e-13
3.955000000000000000e+03 1.432857915687479322e-13
3.965000000000000000e+03 4.411863986209713278e-13
3.975000000000000000e+03 3.222267249597049940e-13
