1.005000000000000000e+02 7.664180290314583826e-05
1.015000000000000000e+02 6.764585779755040527e-05
1.025000000000000000e+02 6.717297023477812579e-05
1.035000000000000000e+02 6.681834177460705196e-05
1.045000000000000000e+02 7.724438465211553282e-05
1.055000000000000000e+02 7.591703127908931595e-05
1.065000000000000000e+02 6.833863712456726507e-05
1.075000000000000000e+02 6.963293967507311799e-05
1.085000000000000000e+02 7.143600173815847082e-05
1.095000000000000000e+02 7.239353559339138395e-05
1.105000000000000000e+02 6.880213728075448224e-05
1.115000000000000000e+02 7.283207021918471145e-05
1.125000000000000000e+02 7.172539016928119679e-05
1.135000000000000000e+02 7.202603265294973891e-05
1.145000000000000000e+02 7.493668334525264573e-05
1.155000000000000000e+02 7.268616857192748248e-05
1.165000000000000000e+02 6.834083816358607578e-05
1.175000000000000000e+02 7.167688479422698990e-05
1.185000000000000000e+02 6.874104913971794103e-05
1.195000000000000000e+02 6.484634597567071534e-05
1.205000000000000000e+02 6.684628275348660290e-05
1.215000000000000000e+02 6.846878290306037003e-05
1.225000000000000000e+02 6.096104330281783507e-05
1.235000000000000000e+02 6.283575738952488024e-05
1.245000000000000000e+02 6.451393810759743286e-05
1.255000000000000000e+02 5.852054722630303774e-05
1.265000000000000000e+02 6.919104242375048882e-05
1.275000000000000000e+02 6.548169301383282160e-05
1.285000000000000000e+02 5.804508366145733685e-05
1.295000000000000000e+02 6.431192037769234155e-05
1.305000000000000000e+02 6.180393340342134529e-05
1.315000000000000000e+02 5.843539699832137524e-05
1.325000000000000000e+02 6.990489637238537504e-05
1.335000000000000000e+02 5.816634361145566628e-05
1.345000000000000000e+02 6.096898262245841344e-05
1.355000000000000000e+02 6.512968568700247703e-05
1.365000000000000000e+02 6.129992086542541431e-05
1.375000000000000000e+02 6.133531307257579306e-05
1.385000000000000000e+02 5.785134802298387059e-05
1.395000000000000000e+02 6.011521986427495543e-05
1.405000000000000000e+02 6.055515361792374599e-05
1.415000000000000000e+02 5.883351219681594329e-05
1.425000000000000000e+02 6.058934691059850625e-05
1.435000000000000000e+02 5.864458695906731782e-05
1.445000000000000000e+02 5.747548913266729983e-05
1.455000000000000000e+02 5.824276067247333600e-05
1.465000000000000000e+02 6.028434470158571657e-05
1.475000000000000000e+02 5.364615174343275480e-05
1.485000000000000000e+02 6.052091140221661244e-05
1.495000000000000000e+02 5.745002791490313017e-05
1.505000000000000000e+02 6.705828310961029328e-05
1.515000000000000000e+02 5.485377818225067149e-05
1.525000000000000000e+02 5.381640739039134720e-05
1.535000000000000000e+02 5.985844514241004256e-05
1.545000000000000000e+02 5.200245596479069899e-05
1.555000000000000000e+02 5.748592351699212356e-05
1.565000000000000000e+02 5.558169479705619449e-05
1.575000000000000000e+02 5.122974286943249300e-05
1.585000000000000000e+02 5.130217452640554581e-05
1.595000000000000000e+02 5.514838622964690564e-05
1.605000000000000000e+02 5.727188685106003802e-05
1.615000000000000000e+02 6.033544776196834921e-05
1.625000000000000000e+02 5.991271443061429612e-05
1.635000000000000000e+02 5.937925059792989419e-05
1.645000000000000000e+02 5.613477875230859864e-05
1.655000000000000000e+02 5.677669262691175035e-05
1.665000000000000000e+02 5.126913693209345806e-05
1.675000000000000000e+02 5.326623441341494982e-05
1.685000000000000000e+02 4.865317773501285427e-05
1.695000000000000000e+02 5.079548264458012212e-05
1.705000000000000000e+02 5.791105961729486038e-05
1.715000000000000000e+02 5.005711839045196124e-05
1.725000000000000000e+02 4.687279335910253558e-05
1.735000000000000000e+02 5.306004862182599717e-05
1.745000000000000000e+02 5.148583719128047210e-05
1.755000000000000000e+02 4.857214819999811268e-05
1.765000000000000000e+02 4.500944850703194461e-05
1.775000000000000000e+02 5.378858154512877840e-05
1.785000000000000000e+02 4.932023770611167305e-05
1.795000000000000000e+02 5.286034747759619471e-05
1.805000000000000000e+02 5.232251611434901047e-05
1.815000000000000000e+02 4.928398563078423988e-05
1.825000000000000000e+02 5.150925507668936205e-05
1.835000000000000000e+02 5.835401338279610963e-05
1.845000000000000000e+02 5.705758517733689101e-05
1.855000000000000000e+02 5.600322011000727996e-05
1.865000000000000000e+02 5.275660881025776933e-05
1.875000000000000000e+02 4.986266586430730712e-05
1.885000000000000000e+02 5.096410724460342467e-05
1.895000000000000000e+02 5.208289034615071531e-05
1.905000000000000000e+02 5.392757371676502079e-05
1.915000000000000000e+02 5.673024163985694173e-05
1.925000000000000000e+02 5.275796764737251113e-05
1.935000000000000000e+02 4.768730467971385786e-05
1.945000000000000000e+02 4.533064766969148652e-05
1.955000000000000000e+02 4.813068394878848225e-05
1.965000000000000000e+02 4.838092045580557720e-05
1.975000000000000000e+02 4.729740494564620666e-05
1.985000000000000000e+02 4.493803025695770155e-05
1.995000000000000000e+02 4.708031382614410451e-05
2.005000000000000000e+02 4.273201616916824853e-05
2.015000000000000000e+02 4.197974403604361101e-05
2.025000000000000000e+02 5.357553850237906236e-05
2.035000000000000000e+02 4.194888352779194959e-05
2.045000000000000000e+02 3.923744701427021479e-05
2.055000000000000000e+02 4.540266694973224147e-05
2.065000000000000000e+02 4.472210730969538027e-05
2.075000000000000000e+02 4.070031366927676390e-05
2.085000000000000000e+02 4.546640690679758489e-05
2.095000000000000000e+02 4.116154238409443244e-05
2.105000000000000000e+02 4.690376562047784514e-05
2.115000000000000000e+02 4.594207607198652767e-05
2.125000000000000000e+02 4.329120940370956473e-05
2.135000000000000000e+02 4.403659532109314545e-05
2.145000000000000000e+02 4.511647204974668292e-05
2.155000000000000000e+02 4.839959439355815849e-05
2.165000000000000000e+02 5.130960085199131633e-05
2.175000000000000000e+02 5.197586088504694781e-05
2.185000000000000000e+02 5.072168029648055034e-05
2.195000000000000000e+02 4.641580589921005215e-05
2.205000000000000000e+02 4.449259285079537916e-05
2.215000000000000000e+02 4.375139009464200856e-05
2.225000000000000000e+02 4.188832494854652128e-05
2.235000000000000000e+02 4.070619101053775602e-05
2.245000000000000000e+02 4.369940451276261748e-05
2.255000000000000000e+02 3.960181127775573822e-05
2.265000000000000000e+02 4.183209086126011395e-05
2.275000000000000000e+02 4.049351456406449415e-05
2.285000000000000000e+02 3.625076565484873335e-05
2.295000000000000000e+02 4.168635125242462793e-05
2.305000000000000000e+02 4.135157533996062113e-05
2.315000000000000000e+02 4.325635145766810417e-05
2.325000000000000000e+02 4.706307963149939240e-05
2.335000000000000000e+02 4.722676459544550151e-05
2.345000000000000000e+02 4.980292729403885233e-05
2.355000000000000000e+02 5.024830760112131590e-05
2.365000000000000000e+02 5.111514528851916550e-05
2.375000000000000000e+02 5.166497442649127677e-05
2.385000000000000000e+02 5.161515795210080032e-05
2.395000000000000000e+02 5.071362931622287908e-05
2.405000000000000000e+02 4.933923386565188386e-05
2.415000000000000000e+02 4.814984660202651598e-05
2.425000000000000000e+02 4.784037548898541383e-05
2.435000000000000000e+02 4.262921331110588140e-05
2.445000000000000000e+02 3.981245166446750923e-05
2.455000000000000000e+02 3.808688775255233830e-05
2.465000000000000000e+02 3.711936420056074983e-05
2.475000000000000000e+02 3.392306242250391339e-05
2.485000000000000000e+02 3.430826491846471259e-05
2.495000000000000000e+02 3.866531083777180542e-05
2.505000000000000000e+02 3.733100226856590851e-05
2.515000000000000000e+02 3.613917290633300350e-05
2.525000000000000000e+02 3.557863061598615128e-05
2.535000000000000000e+02 3.388532694616784374e-05
2.545000000000000000e+02 3.206170631423760359e-05
2.555000000000000000e+02 3.688577461058704140e-05
2.565000000000000000e+02 3.788746893431250810e-05
2.575000000000000000e+02 4.213762002334589762e-05
2.585000000000000000e+02 4.402390167619319144e-05
2.595000000000000000e+02 4.452411148471385825e-05
2.605000000000000000e+02 4.579627387768444051e-05
2.615000000000000000e+02 4.696680785255518006e-05
2.625000000000000000e+02 4.695506180495384840e-05
2.635000000000000000e+02 4.646939819190534359e-05
2.645000000000000000e+02 4.425356496118347196e-05
2.655000000000000000e+02 3.989349340028821558e-05
2.665000000000000000e+02 3.560234465670400364e-05
2.675000000000000000e+02 4.257326178387254754e-05
2.685000000000000000e+02 4.557210015687731565e-05
2.695000000000000000e+02 4.753221161450469224e-05
2.705000000000000000e+02 4.743168818684932454e-05
2.715000000000000000e+02 4.499783316918194443e-05
2.725000000000000000e+02 4.413454596639949880e-05
2.735000000000000000e+02 4.283507001542397242e-05
2.745000000000000000e+02 4.148815464063279807e-05
2.755000000000000000e+02 3.664370701614716729e-05
2.765000000000000000e+02 3.448134166876627477e-05
2.775000000000000000e+02 3.120933760242239601e-05
2.785000000000000000e+02 3.011258896236337871e-05
2.795000000000000000e+02 3.329011779006248173e-05
2.805000000000000000e+02 3.230086728850505029e-05
2.815000000000000000e+02 3.203906614994819952e-05
2.825000000000000000e+02 3.176912123063047435e-05
2.835000000000000000e+02 3.450074504739236378e-05
2.845000000000000000e+02 3.902588110523320144e-05
2.855000000000000000e+02 3.945470105394625069e-05
2.865000000000000000e+02 3.980781733474402764e-05
2.875000000000000000e+02 3.914143672710473318e-05
2.885000000000000000e+02 3.417311562621849931e-05
2.895000000000000000e+02 3.004858375094244559e-05
2.905000000000000000e+02 3.359520440264053765e-05
2.915000000000000000e+02 3.872375678507309341e-05
2.925000000000000000e+02 4.100258581016928569e-05
2.935000000000000000e+02 4.326096801075703091e-05
2.945000000000000000e+02 4.417968987826566404e-05
2.955000000000000000e+02 4.371362418649613648e-05
2.965000000000000000e+02 4.338265080379708941e-05
2.975000000000000000e+02 4.065928404725726415e-05
2.985000000000000000e+02 3.642070326566978664e-05
2.995000000000000000e+02 3.679979277849288876e-05
3.005000000000000000e+02 3.544395975966054598e-05
3.015000000000000000e+02 3.150490381518871521e-05
3.025000000000000000e+02 2.611585432912726494e-05
3.035000000000000000e+02 2.640853945516968458e-05
3.045000000000000000e+02 3.116935606311258049e-05
3.055000000000000000e+02 3.530161556705133140e-05
3.065000000000000000e+02 3.737558118159125641e-05
3.075000000000000000e+02 4.054562565636577858e-05
3.085000000000000000e+02 4.197560219311593328e-05
3.095000000000000000e+02 4.083887295678938575e-05
3.105000000000000000e+02 4.292562181372866742e-05
3.115000000000000000e+02 4.253902838193726312e-05
3.125000000000000000e+02 4.252985227970788683e-05
3.135000000000000000e+02 3.966557707261236587e-05
3.145000000000000000e+02 3.310025633345784206e-05
3.155000000000000000e+02 3.284812581533419257e-05
3.165000000000000000e+02 3.934920483519243993e-05
3.175000000000000000e+02 4.196976410403258735e-05
3.185000000000000000e+02 4.172139776203729927e-05
3.195000000000000000e+02 4.093148778935259594e-05
3.205000000000000000e+02 3.921128224298619949e-05
3.215000000000000000e+02 3.549675760426035962e-05
3.225000000000000000e+02 3.130124314379094640e-05
3.235000000000000000e+02 2.475536474116976835e-05
3.245000000000000000e+02 2.796494229456982788e-05
3.255000000000000000e+02 3.275477026771264188e-05
3.265000000000000000e+02 3.029984593606220925e-05
3.275000000000000000e+02 2.416078657592862010e-05
3.285000000000000000e+02 2.893307680110038699e-05
3.295000000000000000e+02 3.283205884801105218e-05
3.305000000000000000e+02 3.664913942767346859e-05
3.315000000000000000e+02 3.791260694830362698e-05
3.325000000000000000e+02 3.716649476530075366e-05
3.335000000000000000e+02 3.362507936144907075e-05
3.345000000000000000e+02 2.808198407086285705e-05
3.355000000000000000e+02 2.717556026085510406e-05
3.365000000000000000e+02 3.277115526577639335e-05
3.375000000000000000e+02 3.659010106515814834e-05
3.385000000000000000e+02 3.787333401193387607e-05
3.395000000000000000e+02 3.531617384586667631e-05
3.405000000000000000e+02 2.951189627553336693e-05
3.415000000000000000e+02 3.456990783559336239e-05
3.425000000000000000e+02 3.517444766178172064e-05
3.435000000000000000e+02 3.267994603756421490e-05
3.445000000000000000e+02 3.784502716759292407e-05
3.455000000000000000e+02 3.714274332035292619e-05
3.465000000000000000e+02 3.780666038609775198e-05
3.475000000000000000e+02 3.612706123798579386e-05
3.485000000000000000e+02 3.231858000195738252e-05
3.495000000000000000e+02 2.390528475127954449e-05
3.505000000000000000e+02 2.774189211549467124e-05
3.515000000000000000e+02 2.442547441965990624e-05
3.525000000000000000e+02 2.731217911812876834e-05
3.535000000000000000e+02 2.800697819090454095e-05
3.545000000000000000e+02 2.426687680395621670e-05
3.555000000000000000e+02 2.920001072957682881e-05
3.565000000000000000e+02 2.861631628842641728e-05
3.575000000000000000e+02 2.626480586783437222e-05
3.585000000000000000e+02 2.865932083072170823e-05
3.595000000000000000e+02 3.434911036687880265e-05
3.605000000000000000e+02 3.749309534141418148e-05
3.615000000000000000e+02 3.949608502617529181e-05
3.625000000000000000e+02 3.950576906966437278e-05
3.635000000000000000e+02 4.134706506268795992e-05
3.645000000000000000e+02 4.226938145993899902e-05
3.655000000000000000e+02 4.216804308770254124e-05
3.665000000000000000e+02 4.117173865998720311e-05
3.675000000000000000e+02 3.919503818276327979e-05
3.685000000000000000e+02 3.484091027668137535e-05
3.695000000000000000e+02 2.714065938726175964e-05
3.705000000000000000e+02 2.816822830764957201e-05
3.715000000000000000e+02 3.394913707000655258e-05
3.725000000000000000e+02 3.416887939115845977e-05
3.735000000000000000e+02 3.006004247883281583e-05
3.745000000000000000e+02 2.331766032928682901e-05
3.755000000000000000e+02 2.537494162319895686e-05
3.765000000000000000e+02 2.598353630711214548e-05
3.775000000000000000e+02 3.251556879548707910e-05
3.785000000000000000e+02 3.481319189861523718e-05
3.795000000000000000e+02 3.789666390681696432e-05
3.805000000000000000e+02 3.866732208952695265e-05
3.815000000000000000e+02 3.828050455774145282e-05
3.825000000000000000e+02 3.593061210123649424e-05
3.835000000000000000e+02 2.981637827660414632e-05
3.845000000000000000e+02 2.501059146924777509e-05
3.855000000000000000e+02 2.488620246201900116e-05
3.865000000000000000e+02 3.159566842935106581e-05
3.875000000000000000e+02 3.625208586661681355e-05
3.885000000000000000e+02 3.866053426841641966e-05
3.895000000000000000e+02 3.971048104468408478e-05
3.905000000000000000e+02 3.950659100688195386e-05
3.915000000000000000e+02 3.802037648047919581e-05
3.925000000000000000e+02 3.546560324769195240e-05
3.935000000000000000e+02 2.954663544962863090e-05
3.945000000000000000e+02 2.473220314520028687e-05
3.955000000000000000e+02 2.811569663773621350e-05
3.965000000000000000e+02 2.327949895511250564e-05
3.975000000000000000e+02 2.150853862535741467e-05
3.990000000000000000e+02 2.446814826813112045e-05
4.020000000000000000e+02 3.324648960474492997e-05
4.060000000000000000e+02 4.015578209004449822e-05
4.100000000000000000e+02 4.120507881479327687e-05
4.140000000000000000e+02 3.555227823549978589e-05
4.180000000000000000e+02 2.262722010580379059e-05
4.220000000000000000e+02 2.499472925763476341e-05
4.260000000000000000e+02 3.066301597922854792e-05
4.300000000000000000e+02 3.185933416322676045e-05
4.340000000000000000e+02 3.430690039286484676e-05
4.380000000000000000e+02 3.316933997380888455e-05
4.420000000000000000e+02 2.516616007924218901e-05
4.460000000000000000e+02 3.019946600316566514e-05
4.500000000000000000e+02 3.455725539507952323e-05
4.540000000000000000e+02 2.722686228081420504e-05
4.580000000000000000e+02 2.098600428606801335e-05
4.620000000000000000e+02 2.964274143716373849e-05
4.660000000000000000e+02 3.278045460797183986e-05
4.700000000000000000e+02 2.615578040301858444e-05
4.740000000000000000e+02 2.339518020471666000e-05
4.780000000000000000e+02 3.287523468056097420e-05
4.820000000000000000e+02 2.752823861902780443e-05
4.860000000000000000e+02 2.649212480588274056e-05
4.900000000000000000e+02 3.087905754959789319e-05
4.940000000000000000e+02 3.015937320363726177e-05
4.980000000000000000e+02 3.470302219858214106e-05
5.020000000000000000e+02 2.215956177436131548e-05
5.060000000000000000e+02 2.177595440203197459e-05
5.100000000000000000e+02 2.701922725790216346e-05
5.140000000000000000e+02 2.824896906408313679e-05
5.180000000000000000e+02 1.862354623671241493e-05
5.220000000000000000e+02 2.630169095171542689e-05
5.260000000000000000e+02 2.024390138014622899e-05
5.300000000000000000e+02 3.165625316509206982e-05
5.340000000000000000e+02 3.107029941311977126e-05
5.380000000000000000e+02 2.854590722652726223e-05
5.420000000000000000e+02 2.839054010834342668e-05
5.460000000000000000e+02 1.970190629964247732e-05
5.500000000000000000e+02 2.366420536289326498e-05
5.540000000000000000e+02 2.616785682703007813e-05
5.580000000000000000e+02 3.261445194594250594e-05
5.620000000000000000e+02 2.826042867290429948e-05
5.660000000000000000e+02 2.174697904174296224e-05
5.700000000000000000e+02 1.946862199300972043e-05
5.740000000000000000e+02 2.345714543909383900e-05
5.780000000000000000e+02 2.065972198525805047e-05
5.820000000000000000e+02 2.007916140283410672e-05
5.860000000000000000e+02 2.009557002011502582e-05
5.900000000000000000e+02 1.829559346232061045e-05
5.940000000000000000e+02 1.512689150285346177e-05
5.980000000000000000e+02 1.407276930900027753e-05
6.020000000000000000e+02 1.345435240400699567e-05
6.060000000000000000e+02 1.201543125974481997e-05
6.100000000000000000e+02 1.199237513545654044e-05
6.140000000000000000e+02 1.037334983507032480e-05
6.180000000000000000e+02 6.560384026787867886e-06
6.220000000000000000e+02 1.109899574038243554e-05
6.260000000000000000e+02 7.556216400274170118e-06
6.300000000000000000e+02 6.618026706963687269e-06
6.340000000000000000e+02 5.041089410297646764e-06
6.380000000000000000e+02 4.130867219124451488e-06
6.420000000000000000e+02 3.274812063043269619e-06
6.460000000000000000e+02 2.730255835569372077e-06
6.500000000000000000e+02 2.424361105633212049e-06
6.540000000000000000e+02 2.162847662452004902e-06
6.580000000000000000e+02 1.935138877167953298e-06
6.620000000000000000e+02 2.045050312784127495e-06
6.660000000000000000e+02 2.024487437831630830e-06
6.700000000000000000e+02 2.274008882492638584e-06
6.740000000000000000e+02 1.682328130848717216e-06
6.780000000000000000e+02 1.817343727523330055e-06
6.820000000000000000e+02 1.709542256463047367e-06
6.860000000000000000e+02 1.789553239796896092e-06
6.900000000000000000e+02 1.966909644975610015e-06
6.940000000000000000e+02 2.138238131445488996e-06
6.980000000000000000e+02 2.442486634842892142e-06
7.020000000000000000e+02 2.808049006721971652e-06
7.060000000000000000e+02 3.464293227266359794e-06
7.100000000000000000e+02 4.146520337793546629e-06
7.140000000000000000e+02 5.116834868558844952e-06
7.180000000000000000e+02 4.505733813478851927e-06
7.220000000000000000e+02 4.905061885994272227e-06
7.260000000000000000e+02 7.221811650206543640e-06
7.300000000000000000e+02 5.435105443965324707e-06
7.340000000000000000e+02 6.458006868866488206e-06
7.380000000000000000e+02 6.177586746081457397e-06
7.420000000000000000e+02 6.444751084690734739e-06
7.460000000000000000e+02 1.039660547333271408e-05
7.500000000000000000e+02 1.274359127276234908e-05
7.540000000000000000e+02 1.278953557755274818e-05
7.580000000000000000e+02 2.281094137640423775e-05
7.620000000000000000e+02 2.660899827270731590e-05
7.660000000000000000e+02 2.715412282435448877e-05
7.700000000000000000e+02 2.352430114635597740e-05
7.740000000000000000e+02 2.589142272326500223e-05
7.780000000000000000e+02 1.866158895160279822e-05
7.820000000000000000e+02 2.589464570558317234e-05
7.860000000000000000e+02 2.229920489982548101e-05
7.900000000000000000e+02 2.637011367676944071e-05
7.940000000000000000e+02 1.643300411786502525e-05
7.980000000000000000e+02 1.278060941348235586e-05
8.020000000000000000e+02 1.997225945158895784e-05
8.060000000000000000e+02 2.421478262789480179e-05
8.100000000000000000e+02 2.522490413332415204e-05
8.140000000000000000e+02 2.206784166499156834e-05
8.180000000000000000e+02 2.778745709649306861e-05
8.220000000000000000e+02 2.755193358305100913e-05
8.260000000000000000e+02 2.369581706490468651e-05
8.300000000000000000e+02 2.616734194610562889e-05
8.340000000000000000e+02 2.640949633950550387e-05
8.380000000000000000e+02 2.454649200984699618e-05
8.420000000000000000e+02 2.392211294323322554e-05
8.460000000000000000e+02 2.528627608900105162e-05
8.500000000000000000e+02 2.068220796841266942e-05
8.540000000000000000e+02 1.591131572646627650e-05
8.580000000000000000e+02 2.389385718455580836e-05
8.620000000000000000e+02 2.387888296735266632e-05
8.660000000000000000e+02 2.182108807374778144e-05
8.700000000000000000e+02 2.105027729362906127e-05
8.740000000000000000e+02 2.269212935851681371e-05
8.780000000000000000e+02 2.133256238854583993e-05
8.820000000000000000e+02 2.111074764317257734e-05
8.860000000000000000e+02 1.937705769171244142e-05
8.900000000000000000e+02 2.054148041905542389e-05
8.940000000000000000e+02 2.119711393743818956e-05
8.980000000000000000e+02 2.082026371722387752e-05
9.020000000000000000e+02 2.057016222565561249e-05
9.060000000000000000e+02 1.966950815879160697e-05
9.100000000000000000e+02 1.735818473842174321e-05
9.140000000000000000e+02 1.947365980699341940e-05
9.180000000000000000e+02 1.913333358876330006e-05
9.220000000000000000e+02 1.757854759422579610e-05
9.260000000000000000e+02 1.774689985752981157e-05
9.300000000000000000e+02 1.816139261182733421e-05
9.340000000000000000e+02 1.785379448235755056e-05
9.380000000000000000e+02 1.731079883387523388e-05
9.420000000000000000e+02 1.701122876045918419e-05
9.460000000000000000e+02 1.597611638167898695e-05
9.500000000000000000e+02 1.502208770082289631e-05
9.540000000000000000e+02 1.557543692421756602e-05
9.580000000000000000e+02 1.587306501496923021e-05
9.620000000000000000e+02 1.616652103690376107e-05
9.660000000000000000e+02 1.520067866757541046e-05
9.700000000000000000e+02 1.484652623188015875e-05
9.740000000000000000e+02 1.405477977030385505e-05
9.780000000000000000e+02 1.409040578051178580e-05
9.820000000000000000e+02 1.459102227754238649e-05
9.860000000000000000e+02 1.465676183760942449e-05
9.900000000000000000e+02 1.462094893265224767e-05
9.940000000000000000e+02 1.443608731870541803e-05
9.980000000000000000e+02 1.411332481559651020e-05
1.002000000000000000e+03 1.387283261170545245e-05
1.006000000000000000e+03 1.373266833925787692e-05
1.010000000000000000e+03 1.294269303810253347e-05
1.014000000000000000e+03 1.218305035859898613e-05
1.018000000000000000e+03 1.258890300577755303e-05
1.022000000000000000e+03 1.288148263971676908e-05
1.026000000000000000e+03 1.256176130408971432e-05
1.030000000000000000e+03 1.155733514353366758e-05
1.034000000000000000e+03 1.174687061959325972e-05
1.038000000000000000e+03 1.165195302692999734e-05
1.042000000000000000e+03 1.136740568420353235e-05
1.046000000000000000e+03 1.111695396937553357e-05
1.050000000000000000e+03 1.046191994417567387e-05
1.054000000000000000e+03 1.009338766778498699e-05
1.058000000000000000e+03 1.035912032938625296e-05
1.062000000000000000e+03 1.019817627013485414e-05
1.066000000000000000e+03 8.004047956443845945e-06
1.070000000000000000e+03 9.677908040387846712e-06
1.074000000000000000e+03 8.485573524428839871e-06
1.078000000000000000e+03 8.973680143324605702e-06
1.082000000000000000e+03 9.286784103763731706e-06
1.086000000000000000e+03 9.505328616878022400e-06
1.090000000000000000e+03 8.465540921162143480e-06
1.094000000000000000e+03 9.529282260239286802e-06
1.098000000000000000e+03 8.735409068425124680e-06
1.102000000000000000e+03 7.839695993055991266e-06
1.106000000000000000e+03 6.980052713312691721e-06
1.110000000000000000e+03 7.447863821858898429e-06
1.114000000000000000e+03 8.515537736652741083e-06
1.118000000000000000e+03 8.518921849016535601e-06
1.122000000000000000e+03 6.146635756130806714e-06
1.126000000000000000e+03 8.481246683151791101e-06
1.130000000000000000e+03 8.297404421233227354e-06
1.134000000000000000e+03 5.645494567118635303e-06
1.138000000000000000e+03 4.939820419903876663e-06
1.142000000000000000e+03 7.804049686337004952e-06
1.146000000000000000e+03 7.688189960833208031e-06
1.150000000000000000e+03 4.804351288629481446e-06
1.154000000000000000e+03 6.044847481342078381e-06
1.158000000000000000e+03 7.379172181511995204e-06
1.162000000000000000e+03 6.941108638496574459e-06
1.166000000000000000e+03 4.533172799889064597e-06
1.170000000000000000e+03 5.737684383212275696e-06
1.174000000000000000e+03 2.510352074601001357e-06
1.178000000000000000e+03 5.107136707078225236e-06
1.182000000000000000e+03 5.538551939148634847e-06
1.186000000000000000e+03 2.929875113888194866e-06
1.190000000000000000e+03 3.983162785419826201e-06
1.194000000000000000e+03 5.282337474162385963e-06
1.198000000000000000e+03 2.465750801932986788e-06
1.202000000000000000e+03 3.410514203180424964e-06
1.206000000000000000e+03 5.159375628409529627e-06
1.210000000000000000e+03 2.337739387309354558e-06
1.214000000000000000e+03 2.411837407178623784e-06
1.218000000000000000e+03 1.291323221553237117e-06
1.222000000000000000e+03 1.163661975331324557e-06
1.226000000000000000e+03 1.623740964144092543e-06
1.230000000000000000e+03 1.582798009101942734e-06
1.234000000000000000e+03 2.622018658347306562e-06
1.238000000000000000e+03 5.669520643651808917e-07
1.242000000000000000e+03 4.781736584967485941e-07
1.246000000000000000e+03 2.776019007239059164e-07
1.250000000000000000e+03 7.935853942451519501e-07
1.254000000000000000e+03 4.037218756571631437e-07
1.258000000000000000e+03 4.909260135139850508e-07
1.262000000000000000e+03 8.783958460943694727e-08
1.266000000000000000e+03 2.476208369122442718e-07
1.270000000000000000e+03 7.768922818459621450e-08
1.274000000000000000e+03 3.351155011885697943e-07
1.278000000000000000e+03 3.430008324734370897e-07
1.282000000000000000e+03 1.578511601345398280e-07
1.286000000000000000e+03 3.319102952188880542e-07
1.290000000000000000e+03 3.253942608567438347e-07
1.294000000000000000e+03 1.300947915617386029e-07
1.298000000000000000e+03 1.344704704334258029e-07
1.302000000000000000e+03 2.906130531380524176e-08
1.306000000000000000e+03 5.789442654448172423e-08
1.310000000000000000e+03 2.927972874037194940e-07
1.314000000000000000e+03 3.731761088617804003e-07
1.318000000000000000e+03 1.988433573966270956e-07
1.322000000000000000e+03 1.845515643220345717e-07
1.326000000000000000e+03 2.253248241618208911e-07
1.330000000000000000e+03 2.180309369630514551e-07
1.334000000000000000e+03 1.414177974481234236e-07
1.338000000000000000e+03 8.104737251778154993e-08
1.342000000000000000e+03 5.489885031180894726e-08
1.346000000000000000e+03 1.249745639019631881e-07
1.350000000000000000e+03 1.143539445336242070e-07
1.354000000000000000e+03 1.007639283535763462e-07
1.358000000000000000e+03 1.470273785611196808e-07
1.362000000000000000e+03 8.383950152637546106e-08
1.366000000000000000e+03 1.691171482884209116e-07
1.370000000000000000e+03 1.620821742345237603e-07
1.374000000000000000e+03 1.059557138949531121e-07
1.378000000000000000e+03 1.754443138150314765e-07
1.382000000000000000e+03 2.809018263807648021e-07
1.386000000000000000e+03 1.796656148982430421e-07
1.390000000000000000e+03 1.984312472847436061e-07
1.394000000000000000e+03 1.177276092640272684e-07
1.398000000000000000e+03 9.880503287559313860e-08
1.402000000000000000e+03 1.774368242164101941e-07
1.406000000000000000e+03 1.501974843569453091e-07
1.410000000000000000e+03 2.096218907909414401e-07
1.414000000000000000e+03 1.898703574040052187e-07
1.418000000000000000e+03 7.192161759961611965e-08
1.422000000000000000e+03 9.460356561436091270e-08
1.426000000000000000e+03 1.314851581722009312e-07
1.430000000000000000e+03 9.726753550909434496e-08
1.434000000000000000e+03 9.265385458069781354e-08
1.438000000000000000e+03 7.267304973696183373e-08
1.442000000000000000e+03 1.454886027616054382e-07
1.446000000000000000e+03 1.127606874665775136e-07
1.450000000000000000e+03 9.052862059016575991e-08
1.454000000000000000e+03 6.292556011634361076e-08
1.458000000000000000e+03 2.899180470648541836e-08
1.462000000000000000e+03 7.248505865074443267e-08
1.466000000000000000e+03 5.064050254525516897e-08
1.470000000000000000e+03 6.902945015071662889e-08
1.474000000000000000e+03 3.306395915118061191e-08
1.478000000000000000e+03 7.886332504438953968e-08
1.482000000000000000e+03 8.147319892191934978e-08
1.486000000000000000e+03 6.471933619046063885e-08
1.490000000000000000e+03 3.801926554041161247e-08
1.494000000000000000e+03 5.196625782774994719e-08
1.498000000000000000e+03 2.944787496114003081e-08
1.502000000000000000e+03 4.648240254784893405e-08
1.506000000000000000e+03 1.880674517783144288e-08
1.510000000000000000e+03 3.628188019328550209e-08
1.514000000000000000e+03 4.210778530113406625e-08
1.518000000000000000e+03 2.848461082009516347e-08
1.522000000000000000e+03 1.946033110041268525e-08
1.526000000000000000e+03 3.056174865369205060e-08
1.530000000000000000e+03 4.043495219880555029e-08
1.534000000000000000e+03 2.052754048920357017e-08
1.538000000000000000e+03 1.369819732069925317e-08
1.542000000000000000e+03 1.276523493211062952e-08
1.546000000000000000e+03 3.089641504885711595e-08
1.550000000000000000e+03 3.461052998380340698e-08
1.554000000000000000e+03 2.612773344313268303e-08
1.558000000000000000e+03 1.165961682117031974e-08
1.562000000000000000e+03 2.298392365567272740e-08
1.566000000000000000e+03 2.778373560006335634e-08
1.570000000000000000e+03 2.055356074453746936e-08
1.574000000000000000e+03 2.500940789932879766e-08
1.578000000000000000e+03 2.144903644163750004e-08
1.582000000000000000e+03 5.526697006091539832e-08
1.586000000000000000e+03 7.504916668834446708e-08
1.590000000000000000e+03 6.132051407069435668e-08
1.594000000000000000e+03 5.486891648442898807e-08
1.598000000000000000e+03 6.506470203995024105e-08
1.602000000000000000e+03 4.479340166837535008e-08
1.606000000000000000e+03 4.860415135534014314e-08
1.610000000000000000e+03 2.995806382067143522e-08
1.614000000000000000e+03 2.589184038745651400e-08
1.618000000000000000e+03 1.344922483196005266e-08
1.622000000000000000e+03 1.714860967335755461e-08
1.626000000000000000e+03 1.804119396395704561e-08
1.630000000000000000e+03 2.542356025665756266e-08
1.634000000000000000e+03 1.274202779872860666e-08
1.638000000000000000e+03 1.432111458664368484e-08
1.642000000000000000e+03 2.317695097525721531e-08
1.646000000000000000e+03 9.320118929531080678e-09
1.650000000000000000e+03 1.098540233055877288e-08
1.654000000000000000e+03 5.794337495782445628e-09
1.658000000000000000e+03 2.093468913463392024e-08
1.662000000000000000e+03 1.382968437531463997e-08
1.666000000000000000e+03 1.952477329891757130e-08
1.670000000000000000e+03 8.152480190944165639e-09
1.674000000000000000e+03 1.120297827629210449e-08
1.678000000000000000e+03 1.567808087836075415e-08
1.682000000000000000e+03 1.055917104039750798e-08
1.686000000000000000e+03 8.028984057460490183e-09
1.690000000000000000e+03 1.416284908192574697e-08
1.694000000000000000e+03 1.102498107897379680e-08
1.698000000000000000e+03 6.169530267885295039e-09
1.702000000000000000e+03 7.779855476633961979e-09
1.706000000000000000e+03 8.156961362408667003e-09
1.710000000000000000e+03 1.696374833353527820e-08
1.714000000000000000e+03 1.104261447716959297e-08
1.718000000000000000e+03 6.137144724905062850e-09
1.722000000000000000e+03 1.688726851849213098e-08
1.726000000000000000e+03 2.466883676361685284e-08
1.730000000000000000e+03 1.380106673393778989e-08
1.734000000000000000e+03 5.454179169792410032e-09
1.738000000000000000e+03 9.183147205442855888e-09
1.742000000000000000e+03 9.404214066117098678e-09
1.746000000000000000e+03 1.136944077557857667e-08
1.750000000000000000e+03 7.139734144766880932e-09
1.754000000000000000e+03 1.682339827726173545e-08
1.758000000000000000e+03 1.312423682033285713e-08
1.762000000000000000e+03 1.045430766844495651e-08
1.766000000000000000e+03 1.715361184024688756e-08
1.770000000000000000e+03 7.067578909383670635e-09
1.774000000000000000e+03 5.941942149162570744e-09
1.778000000000000000e+03 1.513726184534690399e-08
1.782000000000000000e+03 1.396859339487439053e-08
1.786000000000000000e+03 1.807249600601835827e-08
1.790000000000000000e+03 1.250911885760278117e-08
1.794000000000000000e+03 7.389469734102444805e-09
1.798000000000000000e+03 1.086683180510208306e-08
1.802000000000000000e+03 1.258957268683830081e-08
1.806000000000000000e+03 2.127270964967307727e-08
1.810000000000000000e+03 1.302968761851639125e-08
1.814000000000000000e+03 2.796272799409410212e-08
1.818000000000000000e+03 3.106970366002369719e-08
1.822000000000000000e+03 2.328875716723781743e-08
1.826000000000000000e+03 9.196777420386120717e-09
1.830000000000000000e+03 6.204918216243724081e-09
1.834000000000000000e+03 1.852587197354457908e-08
1.838000000000000000e+03 1.629901157213623541e-08
1.842000000000000000e+03 1.140522635745996847e-08
1.846000000000000000e+03 6.885524159917543268e-09
1.850000000000000000e+03 2.164090374062797413e-08
1.854000000000000000e+03 3.282685810938431392e-08
1.858000000000000000e+03 2.887969596399484318e-08
1.862000000000000000e+03 2.751555199105209861e-08
1.866000000000000000e+03 1.096239459597711550e-08
1.870000000000000000e+03 6.951985524549938390e-09
1.874000000000000000e+03 2.628953728295900958e-08
1.878000000000000000e+03 3.582548210894940734e-08
1.882000000000000000e+03 3.653679576678522685e-08
1.886000000000000000e+03 1.765132481298397416e-08
1.890000000000000000e+03 9.710242376434168739e-09
1.894000000000000000e+03 1.494376431066823172e-08
1.898000000000000000e+03 3.168821565757987849e-08
1.902000000000000000e+03 3.471703250366137061e-08
1.906000000000000000e+03 1.732100346697409557e-08
1.910000000000000000e+03 1.051020628328566170e-08
1.914000000000000000e+03 1.897792338496269192e-08
1.918000000000000000e+03 6.897095231641523945e-09
1.922000000000000000e+03 8.335712434126663272e-09
1.926000000000000000e+03 2.174249943663996932e-08
1.930000000000000000e+03 4.287159565169363841e-08
1.934000000000000000e+03 2.432949414124929620e-08
1.938000000000000000e+03 3.483384676522283582e-08
1.942000000000000000e+03 9.388434501893112641e-09
1.946000000000000000e+03 1.102968489953740319e-08
1.950000000000000000e+03 3.563174823964627724e-08
1.954000000000000000e+03 3.013410593354241476e-08
1.958000000000000000e+03 3.926062215725618828e-08
1.962000000000000000e+03 2.864136751901088806e-08
1.966000000000000000e+03 1.387489379618179821e-08
1.970000000000000000e+03 3.018356198698575583e-08
1.974000000000000000e+03 5.943813415628398673e-08
1.978000000000000000e+03 7.023609084450472924e-08
1.982000000000000000e+03 6.902022263382602264e-08
1.986000000000000000e+03 3.728622740919089993e-08
1.990000000000000000e+03 1.119280729450038993e-08
1.996000000000000000e+03 2.269881605403031716e-08
2.005000000000000000e+03 5.127579742568287968e-08
2.015000000000000000e+03 2.944638614604797351e-08
2.025000000000000000e+03 3.718484825079132453e-08
2.035000000000000000e+03 4.292051201254720586e-08
2.045000000000000000e+03 1.019239666686069151e-08
2.055000000000000000e+03 3.541949694300748392e-09
2.065000000000000000e+03 1.070207491182512128e-09
2.075000000000000000e+03 5.304005641162126086e-10
2.085000000000000000e+03 2.450295146519153580e-10
2.095000000000000000e+03 1.241900149693978348e-10
2.105000000000000000e+03 9.533327215619418590e-11
2.115000000000000000e+03 4.077359637157587069e-11
2.125000000000000000e+03 3.172105282150288478e-11
2.135000000000000000e+03 4.713690197396542722e-11
2.145000000000000000e+03 1.905270397741844078e-10
2.155000000000000000e+03 1.852917997324748095e-11
2.165000000000000000e+03 9.732383465173031479e-12
2.175000000000000000e+03 1.390040882866777323e-11
2.185000000000000000e+03 3.480607344021614054e-11
2.195000000000000000e+03 6.607313613131533445e-11
2.205000000000000000e+03 1.248637061079234462e-10
2.215000000000000000e+03 4.329530821367513571e-10
2.225000000000000000e+03 3.725879953957813088e-09
2.235000000000000000e+03 2.086225942360542695e-08
2.245000000000000000e+03 4.895545739124410877e-08
2.255000000000000000e+03 5.792359582496981322e-08
2.265000000000000000e+03 5.178441180205194849e-08
2.275000000000000000e+03 1.873624061355556167e-08
2.285000000000000000e+03 1.754631486024142725e-09
2.295000000000000000e+03 1.957363451237410926e-10
2.305000000000000000e+03 1.727882340871005031e-11
2.315000000000000000e+03 4.906109180060806817e-12
2.325000000000000000e+03 3.470404284033439015e-12
2.335000000000000000e+03 2.791975140915497012e-12
2.345000000000000000e+03 2.438436019586338752e-12
2.355000000000000000e+03 1.994880878441544491e-12
2.365000000000000000e+03 1.621764546025682863e-12
2.375000000000000000e+03 2.395011253299262607e-12
2.385000000000000000e+03 5.425353510866441508e-10
2.395000000000000000e+03 3.231323914782309111e-08
2.405000000000000000e+03 3.477343426553330382e-08
2.415000000000000000e+03 3.391135036510458936e-08
2.425000000000000000e+03 3.119467706573807684e-08
2.435000000000000000e+03 3.022859771203189593e-08
2.445000000000000000e+03 2.906334639079830538e-08
2.455000000000000000e+03 2.621946184358264401e-08
2.465000000000000000e+03 2.737133436269449329e-08
2.475000000000000000e+03 2.178975854454263309e-08
2.485000000000000000e+03 2.502362860272906770e-08
2.495000000000000000e+03 1.961958942280339200e-08
2.505000000000000000e+03 2.196897377243686098e-08
2.515000000000000000e+03 1.725391649435332603e-08
2.525000000000000000e+03 1.824006974458278568e-08
2.535000000000000000e+03 1.749591023406432445e-08
2.545000000000000000e+03 1.588033343292752669e-08
2.555000000000000000e+03 1.446000754414852769e-08
2.565000000000000000e+03 1.163158857244012944e-08
2.575000000000000000e+03 1.294688369368991164e-08
2.585000000000000000e+03 1.137848217391724917e-08
2.595000000000000000e+03 1.041509914203194316e-08
2.605000000000000000e+03 8.964051204170879410e-09
2.615000000000000000e+03 1.148312041720834252e-08
2.625000000000000000e+03 1.114551354651042010e-08
2.635000000000000000e+03 7.111719908170316331e-09
2.645000000000000000e+03 8.576734620356892782e-09
2.655000000000000000e+03 7.651678410502093192e-09
2.665000000000000000e+03 7.821055863137924172e-09
2.675000000000000000e+03 6.969659880273551921e-09
2.685000000000000000e+03 6.739471087150701715e-09
2.695000000000000000e+03 5.186056709249205178e-09
2.705000000000000000e+03 7.154118553432940634e-09
2.715000000000000000e+03 5.852928115399325939e-09
2.725000000000000000e+03 5.038813431307368959e-09
2.735000000000000000e+03 6.224006295775596424e-09
2.745000000000000000e+03 3.941720578729081254e-09
2.755000000000000000e+03 3.704463543890185233e-09
2.765000000000000000e+03 4.446864578465831653e-09
2.775000000000000000e+03 2.628687589692194684e-09
2.785000000000000000e+03 1.941040725451643068e-09
2.795000000000000000e+03 1.592828644460096145e-09
2.805000000000000000e+03 2.428222735322753053e-09
2.815000000000000000e+03 1.779453418104761947e-09
2.825000000000000000e+03 6.104939184193318993e-10
2.835000000000000000e+03 1.801265487087027323e-09
2.845000000000000000e+03 2.264218781214203333e-09
2.855000000000000000e+03 1.771546779733195453e-09
2.865000000000000000e+03 7.877997872950433007e-10
2.875000000000000000e+03 5.890731800277684677e-10
2.885000000000000000e+03 7.421243211658000547e-10
2.895000000000000000e+03 9.895522553671933066e-10
2.905000000000000000e+03 4.900439799780751047e-10
2.915000000000000000e+03 4.761004537575916774e-10
2.925000000000000000e+03 4.097657183766900318e-10
2.935000000000000000e+03 1.464735099648536479e-10
2.945000000000000000e+03 2.861803698911071341e-10
2.955000000000000000e+03 1.262845452367272352e-10
2.965000000000000000e+03 1.253699760212346196e-10
2.975000000000000000e+03 5.577178840892130131e-11
2.985000000000000000e+03 9.954335257152525356e-11
2.995000000000000000e+03 7.581899644355205959e-11
3.005000000000000000e+03 7.933865016941946588e-11
3.015000000000000000e+03 1.510755641813172071e-13
3.025000000000000000e+03 3.541635160634260077e-11
3.035000000000000000e+03 2.727951035343093692e-11
3.045000000000000000e+03 1.746772019229345405e-10
3.055000000000000000e+03 4.189306175180321033e-11
3.065000000000000000e+03 1.265655046600934454e-11
3.075000000000000000e+03 1.409267834735053559e-11
3.085000000000000000e+03 5.996108055227485889e-12
3.095000000000000000e+03 2.325760322946068537e-11
3.105000000000000000e+03 1.005386770420512465e-11
3.115000000000000000e+03 1.043210005101202516e-11
3.125000000000000000e+03 1.774167736781030574e-11
3.135000000000000000e+03 4.204674749129939697e-11
3.145000000000000000e+03 1.296627914913767006e-10
3.155000000000000000e+03 3.139599026725533390e-10
3.165000000000000000e+03 3.680692355463912129e-10
3.175000000000000000e+03 1.037295815794574647e-10
3.185000000000000000e+03 9.630133279203678392e-11
3.195000000000000000e+03 8.020384387773028560e-11
3.205000000000000000e+03 1.033743678460125374e-10
3.215000000000000000e+03 1.908994219386734534e-11
3.225000000000000000e+03 3.893472374953219348e-11
3.235000000000000000e+03 2.725422530517442428e-11
3.245000000000000000e+03 3.623300220043797442e-11
3.255000000000000000e+03 3.747485269370599640e-11
3.265000000000000000e+03 5.068702597341540756e-11
3.275000000000000000e+03 1.556069777119517482e-11
3.285000000000000000e+03 3.619797326720412218e-11
3.295000000000000000e+03 2.512348786434785322e-11
3.305000000000000000e+03 5.365898703798472385e-11
3.315000000000000000e+03 3.729533902448401049e-11
3.325000000000000000e+03 4.076886244002654706e-11
3.335000000000000000e+03 4.685734044167707811e-11
3.345000000000000000e+03 8.953002292557652499e-11
3.355000000000000000e+03 2.637648819221232616e-11
3.365000000000000000e+03 8.026314298700325193e-12
3.375000000000000000e+03 4.862981779924946529e-11
3.385000000000000000e+03 2.521604801559156072e-11
3.395000000000000000e+03 1.408747079471661689e-11
3.405000000000000000e+03 2.599019702596642036e-11
3.415000000000000000e+03 3.097375959667188693e-11
3.425000000000000000e+03 1.166647566399949357e-11
3.435000000000000000e+03 1.636936056759606544e-11
3.445000000000000000e+03 3.374090317248947287e-12
3.455000000000000000e+03 1.592452637193022746e-11
3.465000000000000000e+03 6.027101622911897013e-12
3.475000000000000000e+03 7.322819688598091869e-12
3.485000000000000000e+03 2.301070649246806796e-12
3.495000000000000000e+03 4.430746799742578049e-12
3.505000000000000000e+03 1.241449952261948102e-12
3.515000000000000000e+03 2.724913490045624043e-12
3.525000000000000000e+03 7.118960088137859691e-13
3.535000000000000000e+03 1.895757864693231398e-12
3.545000000000000000e+03 6.232873213155445228e-13
3.555000000000000000e+03 3.129007366563667845e-13
3.565000000000000000e+03 5.480447513661709578e-14
3.575000000000000000e+03 4.849037453652775208e-14
3.585000000000000000e+03 1.027412605833478906e-14
3.595000000000000000e+03 7.995556183987416562e-16
3.605000000000000000e+03 1.584714969758535900e-16
3.615000000000000000e+03 8.862991787458429743e-16
3.625000000000000000e+03 8.096881799679527782e-17
3.635000000000000000e+03 1.730814499367185242e-15
3.645000000000000000e+03 2.692857032866942714e-14
3.655000000000000000e+03 6.282399041286521560e-14
3.665000000000000000e+03 1.323862225585436268e-13
3.675000000000000000e+03 1.054877081992297432e-14
3.685000000000000000e+03 7.582519944116345633e-15
3.695000000000000000e+03 3.942286907604065816e-16
3.705000000000000000e+03 1.252694419638296223e-16
3.715000000000000000e+03 1.557556188693254086e-16
3.725000000000000000e+03 3.251961661446053988e-17
3.735000000000000000e+03 7.235078556617456962e-17
3.745000000000000000e+03 2.289378074504113446e-15
3.755000000000000000e+03 1.375411746152531305e-14
3.765000000000000000e+03 3.340859332541069025e-14
3.775000000000000000e+03 7.744243061903306196e-14
3.785000000000000000e+03 8.861361270906496807e-14
3.795000000000000000e+03 6.849647369135317477e-14
3.805000000000000000e+03 1.065608493747691210e-14
3.815000000000000000e+03 2.095691906953301083e-14
3.825000000000000000e+03 1.203872080186174641e-14
3.835000000000000000e+03 7.507928912547946475e-15
3.845000000000000000e+03 1.669279042452501220e-14
3.855000000000000000e+03 7.882469226868445269e-15
3.865000000000000000e+03 8.296683688371630832e-15
3.875000000000000000e+03 2.068097273504415331e-14
3.885000000000000000e+03 1.545557375421789541e-14
3.895000000000000000e+03 2.128439792627213729e-14
3.905000000000000000e+03 3.495792338347122312e-14
3.915000000000000000e+03 1.067268039025773044e-13
3.925000000000000000e+03 5.156663608656128551e-14
3.935000000000000000e+03 1.223195248229324138e-13
3.945000000000000000e+03 1.007955128360176317e-13
3.955000000000000000e+03 1.414151198578759035e-13
3.965000000000000000e+03 4.355176455797849064e-13
3.975000000000000000e+03 3.160861237375916780e-13
