1.005000000000000000e+02 1.011805827827086239e-04
1.015000000000000000e+02 8.762070863150154599e-05
1.025000000000000000e+02 8.931599496475442002e-05
1.035000000000000000e+02 1.001169536842269554e-04
1.045000000000000000e+02 1.016831209852987874e-04
1.055000000000000000e+02 9.168595889447013416e-05
1.065000000000000000e+02 9.078448757569251122e-05
1.075000000000000000e+02 9.632892764294240413e-05
1.085000000000000000e+02 8.537688017321873682e-05
1.095000000000000000e+02 8.587583514225900500e-05
1.105000000000000000e+02 9.261688864639602066e-05
1.115000000000000000e+02 9.279488542531282773e-05
1.125000000000000000e+02 8.544632552137495965e-05
1.135000000000000000e+02 8.682025863207991692e-05
1.145000000000000000e+02 9.816680073401890785e-05
1.155000000000000000e+02 8.818740710406749908e-05
1.165000000000000000e+02 8.030829254530004132e-05
1.175000000000000000e+02 8.353363732065808189e-05
1.185000000000000000e+02 9.268954847575069033e-05
1.195000000000000000e+02 8.351529871339888106e-05
1.205000000000000000e+02 8.308271767302067689e-05
1.215000000000000000e+02 8.798891698599901326e-05
1.225000000000000000e+02 7.942066020620206727e-05
1.235000000000000000e+02 7.884664392767391523e-05
1.245000000000000000e+02 8.116234816331932122e-05
1.255000000000000000e+02 7.941599937648404482e-05
1.265000000000000000e+02 9.263856710921885488e-05
1.275000000000000000e+02 8.437261887436887746e-05
1.285000000000000000e+02 7.566252030404754922e-05
1.295000000000000000e+02 8.278859427794897500e-05
1.305000000000000000e+02 7.897877904995922907e-05
1.315000000000000000e+02 7.729486286832748456e-05
1.325000000000000000e+02 9.294266196245438007e-05
1.335000000000000000e+02 7.691192113457342549e-05
1.345000000000000000e+02 7.771007754735929430e-05
1.355000000000000000e+02 7.728836382077256331e-05
1.365000000000000000e+02 7.484157961491205301e-05
1.375000000000000000e+02 7.548989877938774233e-05
1.385000000000000000e+02 7.587318702736406515e-05
1.395000000000000000e+02 8.018114541738646252e-05
1.405000000000000000e+02 7.852534586524591905e-05
1.415000000000000000e+02 7.226333361646074672e-05
1.425000000000000000e+02 7.387095949103745346e-05
1.435000000000000000e+02 7.615107298986757798e-05
1.445000000000000000e+02 7.277017925109226411e-05
1.455000000000000000e+02 7.347468223662497659e-05
1.465000000000000000e+02 7.454890049187669495e-05
1.475000000000000000e+02 7.108621715885886459e-05
1.485000000000000000e+02 7.719237300574181533e-05
1.495000000000000000e+02 7.822162655631153551e-05
1.505000000000000000e+02 8.783344957527442593e-05
1.515000000000000000e+02 7.289990166876051053e-05
1.525000000000000000e+02 6.707038022427737637e-05
1.535000000000000000e+02 7.809537403942107595e-05
1.545000000000000000e+02 6.771740511258376722e-05
1.555000000000000000e+02 7.075735980225928952e-05
1.565000000000000000e+02 6.898349739069017212e-05
1.575000000000000000e+02 7.059795636712704102e-05
1.585000000000000000e+02 6.605383710578262670e-05
1.595000000000000000e+02 6.633145765984419786e-05
1.605000000000000000e+02 7.142187884017681305e-05
1.615000000000000000e+02 7.328706221111835537e-05
1.625000000000000000e+02 7.319256599827708232e-05
1.635000000000000000e+02 7.239312163376277756e-05
1.645000000000000000e+02 6.924475256354788611e-05
1.655000000000000000e+02 6.681683203510244248e-05
1.665000000000000000e+02 6.816716169493028561e-05
1.675000000000000000e+02 7.321349542997096559e-05
1.685000000000000000e+02 6.974740298792386881e-05
1.695000000000000000e+02 6.610817002366604260e-05
1.705000000000000000e+02 7.997744445285885845e-05
1.715000000000000000e+02 6.891582352170334499e-05
1.725000000000000000e+02 6.179761702504410037e-05
1.735000000000000000e+02 6.963174416350424007e-05
1.745000000000000000e+02 6.564162174123745058e-05
1.755000000000000000e+02 6.289009469302082899e-05
1.765000000000000000e+02 6.035086014923632505e-05
1.775000000000000000e+02 7.080915871607578339e-05
1.785000000000000000e+02 6.291788516267039571e-05
1.795000000000000000e+02 6.397159905074137299e-05
1.805000000000000000e+02 6.592366468607524911e-05
1.815000000000000000e+02 6.290275084016578699e-05
1.825000000000000000e+02 6.096512244611828436e-05
1.835000000000000000e+02 6.625985239896611237e-05
1.845000000000000000e+02 6.804752340500575935e-05
1.855000000000000000e+02 6.716385196432978020e-05
1.865000000000000000e+02 6.225079465134407126e-05
1.875000000000000000e+02 6.233534569062067915e-05
1.885000000000000000e+02 6.594762664668842153e-05
1.895000000000000000e+02 6.148551972325213113e-05
1.905000000000000000e+02 6.452338682088415379e-05
1.915000000000000000e+02 6.690498127337628415e-05
1.925000000000000000e+02 6.332101720950034400e-05
1.935000000000000000e+02 5.838637487740675874e-05
1.945000000000000000e+02 5.873099633619439664e-05
1.955000000000000000e+02 5.665903374028803013e-05
1.965000000000000000e+02 6.224444652790698488e-05
1.975000000000000000e+02 5.839709601612790647e-05
1.985000000000000000e+02 5.743878514458878362e-05
1.995000000000000000e+02 5.867192995749593264e-05
2.005000000000000000e+02 5.687747098072836008e-05
2.015000000000000000e+02 5.483130117143629120e-05
2.025000000000000000e+02 7.117897231372478884e-05
2.035000000000000000e+02 5.589186173171572624e-05
2.045000000000000000e+02 5.319818933401825913e-05
2.055000000000000000e+02 5.770548885997702577e-05
2.065000000000000000e+02 5.745016908446809348e-05
2.075000000000000000e+02 5.311965563506840292e-05
2.085000000000000000e+02 6.302234795110567972e-05
2.095000000000000000e+02 5.344786079070024614e-05
2.105000000000000000e+02 5.756825740531527186e-05
2.115000000000000000e+02 5.455012602689083206e-05
2.125000000000000000e+02 5.300015245646888426e-05
2.135000000000000000e+02 5.414376453496675448e-05
2.145000000000000000e+02 5.534144325364128797e-05
2.155000000000000000e+02 5.787934656332003317e-05
2.165000000000000000e+02 6.159398575110726468e-05
2.175000000000000000e+02 6.233796986243719720e-05
2.185000000000000000e+02 6.111681078009830793e-05
2.195000000000000000e+02 5.641439723516875526e-05
2.205000000000000000e+02 5.435963764102183743e-05
2.215000000000000000e+02 5.804862496063715267e-05
2.225000000000000000e+02 5.293822886385005869e-05
2.235000000000000000e+02 5.266487647445789453e-05
2.245000000000000000e+02 5.310600032681590192e-05
2.255000000000000000e+02 5.041484385981263627e-05
2.265000000000000000e+02 5.435673233196409255e-05
2.275000000000000000e+02 5.511040218728287309e-05
2.285000000000000000e+02 4.835023979657898592e-05
2.295000000000000000e+02 5.161514565051803356e-05
2.305000000000000000e+02 4.927487585796707509e-05
2.315000000000000000e+02 5.075064687321907323e-05
2.325000000000000000e+02 5.576370145017130501e-05
2.335000000000000000e+02 5.522824294019696518e-05
2.345000000000000000e+02 6.180135243512390440e-05
2.355000000000000000e+02 6.144914851514033131e-05
2.365000000000000000e+02 6.249066508347080637e-05
2.375000000000000000e+02 6.289707357042208420e-05
2.385000000000000000e+02 6.385840416504921747e-05
2.395000000000000000e+02 6.162566534677060566e-05
2.405000000000000000e+02 5.990099455861164711e-05
2.415000000000000000e+02 5.965555535579796024e-05
2.425000000000000000e+02 5.807636423024554404e-05
2.435000000000000000e+02 5.202401441239465346e-05
2.445000000000000000e+02 4.857844341788185451e-05
2.455000000000000000e+02 5.117472164929018575e-05
2.465000000000000000e+02 4.790273060152033910e-05
2.475000000000000000e+02 4.708078987030560591e-05
2.485000000000000000e+02 4.845236183957845130e-05
2.495000000000000000e+02 4.630571556726554796e-05
2.505000000000000000e+02 4.546955799266108388e-05
2.515000000000000000e+02 4.535797084880200574e-05
2.525000000000000000e+02 4.532766067477711546e-05
2.535000000000000000e+02 4.670870325915028968e-05
2.545000000000000000e+02 4.346384914792617563e-05
2.555000000000000000e+02 4.557735024790537286e-05
2.565000000000000000e+02 4.543663201871321990e-05
2.575000000000000000e+02 5.061093293714153302e-05
2.585000000000000000e+02 5.328287175465795151e-05
2.595000000000000000e+02 5.415922681768426452e-05
2.605000000000000000e+02 5.560101760287333353e-05
2.615000000000000000e+02 5.768132249972962475e-05
2.625000000000000000e+02 5.701614670140508356e-05
2.635000000000000000e+02 5.513909956304766818e-05
2.645000000000000000e+02 5.253828707169981690e-05
2.655000000000000000e+02 4.616082187545785274e-05
2.665000000000000000e+02 4.366402203969186994e-05
2.675000000000000000e+02 5.006619905388819114e-05
2.685000000000000000e+02 5.434461349038968784e-05
2.695000000000000000e+02 5.712350088896709835e-05
2.705000000000000000e+02 5.713605778341142750e-05
2.715000000000000000e+02 5.372215486280257932e-05
2.725000000000000000e+02 5.347837748896749877e-05
2.735000000000000000e+02 5.165993677580053416e-05
2.745000000000000000e+02 5.085767349994229687e-05
2.755000000000000000e+02 4.362831447558166646e-05
2.765000000000000000e+02 4.273097386596394471e-05
2.775000000000000000e+02 3.935424220461975988e-05
2.785000000000000000e+02 4.153272917749079620e-05
2.795000000000000000e+02 4.088108757417249978e-05
2.805000000000000000e+02 4.068649459275152985e-05
2.815000000000000000e+02 4.093193297778866549e-05
2.825000000000000000e+02 4.125620835165067646e-05
2.835000000000000000e+02 4.040637957606406063e-05
2.845000000000000000e+02 4.623591919029809558e-05
2.855000000000000000e+02 4.742466772221113963e-05
2.865000000000000000e+02 4.810736394045486561e-05
2.875000000000000000e+02 4.659052384206618675e-05
2.885000000000000000e+02 4.027414264939798474e-05
2.895000000000000000e+02 4.048247451988265950e-05
2.905000000000000000e+02 3.880948864130756592e-05
2.915000000000000000e+02 4.593280291870054100e-05
2.925000000000000000e+02 4.903995125136896419e-05
2.935000000000000000e+02 5.222319006229023136e-05
2.945000000000000000e+02 5.353828607215309592e-05
2.955000000000000000e+02 5.223473828338422419e-05
2.965000000000000000e+02 5.204902432452044138e-05
2.975000000000000000e+02 4.785178950249977323e-05
2.985000000000000000e+02 4.347474639985056773e-05
2.995000000000000000e+02 4.418573254315535801e-05
3.005000000000000000e+02 4.186477212736066283e-05
3.015000000000000000e+02 3.795488867629753788e-05
3.025000000000000000e+02 3.505564925714351333e-05
3.035000000000000000e+02 3.482568081407685321e-05
3.045000000000000000e+02 3.651562529678015982e-05
3.055000000000000000e+02 4.418640591241717686e-05
3.065000000000000000e+02 4.469651698396865589e-05
3.075000000000000000e+02 4.875631497381863893e-05
3.085000000000000000e+02 5.092019739465665766e-05
3.095000000000000000e+02 4.996449004188293161e-05
3.105000000000000000e+02 5.305919583785113192e-05
3.115000000000000000e+02 5.200028048325824556e-05
3.125000000000000000e+02 5.233690985178088024e-05
3.135000000000000000e+02 4.799372508760058379e-05
3.145000000000000000e+02 4.021277601872158634e-05
3.155000000000000000e+02 3.961905938177976815e-05
3.165000000000000000e+02 4.775748791372738216e-05
3.175000000000000000e+02 5.194284214282840489e-05
3.185000000000000000e+02 5.233051538145595913e-05
3.195000000000000000e+02 5.095506811405851091e-05
3.205000000000000000e+02 4.778477268090497199e-05
3.215000000000000000e+02 4.288742335135204645e-05
3.225000000000000000e+02 3.823887063690816472e-05
3.235000000000000000e+02 3.376942290364780524e-05
3.245000000000000000e+02 3.371453756918918471e-05
3.255000000000000000e+02 3.901872579409951518e-05
3.265000000000000000e+02 3.542246783522149783e-05
3.275000000000000000e+02 3.162531688710970199e-05
3.285000000000000000e+02 3.381767949672342624e-05
3.295000000000000000e+02 3.940073373412862634e-05
3.305000000000000000e+02 4.398815976258614217e-05
3.315000000000000000e+02 4.644726147373674362e-05
3.325000000000000000e+02 4.570909998621078388e-05
3.335000000000000000e+02 4.116380448575334913e-05
3.345000000000000000e+02 3.503142318804368697e-05
3.355000000000000000e+02 3.391259722414227489e-05
3.365000000000000000e+02 4.007490155543095303e-05
3.375000000000000000e+02 4.554329199829984184e-05
3.385000000000000000e+02 4.718517004294236279e-05
3.395000000000000000e+02 4.314389809293020717e-05
3.405000000000000000e+02 3.622837798874971527e-05
3.415000000000000000e+02 4.167451526958915029e-05
3.425000000000000000e+02 4.227265883715243441e-05
3.435000000000000000e+02 3.937500415566401441e-05
3.445000000000000000e+02 4.690390893401163525e-05
3.455000000000000000e+02 4.707359773926432994e-05
3.465000000000000000e+02 4.699858221649646291e-05
3.475000000000000000e+02 4.469790490168026924e-05
3.485000000000000000e+02 3.805641466902379838e-05
3.495000000000000000e+02 2.969079466152642037e-05
3.505000000000000000e+02 3.282444701517999483e-05
3.515000000000000000e+02 2.974147113757877125e-05
3.525000000000000000e+02 3.213646983494660862e-05
3.535000000000000000e+02 3.332326694696037197e-05
3.545000000000000000e+02 2.947819754305554352e-05
3.555000000000000000e+02 3.506946746571991391e-05
3.565000000000000000e+02 3.486963877710965202e-05
3.575000000000000000e+02 3.268209389153292518e-05
3.585000000000000000e+02 3.465806633624472403e-05
3.595000000000000000e+02 4.233335134245627733e-05
3.605000000000000000e+02 4.761131687624768258e-05
3.615000000000000000e+02 5.124395287696291201e-05
3.625000000000000000e+02 5.207270962215471046e-05
3.635000000000000000e+02 5.563500463029613814e-05
3.645000000000000000e+02 5.725255687478289279e-05
3.655000000000000000e+02 5.722336869964808024e-05
3.665000000000000000e+02 5.563809455399719851e-05
3.675000000000000000e+02 5.193784647926790626e-05
3.685000000000000000e+02 4.471934254141445979e-05
3.695000000000000000e+02 3.428798357718538186e-05
3.705000000000000000e+02 3.533545409337406090e-05
3.715000000000000000e+02 4.301059898310619393e-05
3.725000000000000000e+02 4.250499689195800558e-05
3.735000000000000000e+02 3.591498541876122710e-05
3.745000000000000000e+02 2.825358887234887198e-05
3.755000000000000000e+02 3.088019762927253470e-05
3.765000000000000000e+02 3.022949739244459221e-05
3.775000000000000000e+02 3.979603097945012819e-05
3.785000000000000000e+02 4.359060106330606182e-05
3.795000000000000000e+02 4.954415048635385234e-05
3.805000000000000000e+02 5.165725052573832819e-05
3.815000000000000000e+02 5.130295660774393692e-05
3.825000000000000000e+02 4.675521522351162894e-05
3.835000000000000000e+02 3.700863868138486726e-05
3.845000000000000000e+02 3.153789236350553762e-05
3.855000000000000000e+02 3.223985576952096869e-05
3.865000000000000000e+02 4.143535448672538632e-05
3.875000000000000000e+02 4.941225554496093183e-05
3.885000000000000000e+02 5.350913461105491329e-05
3.895000000000000000e+02 5.458345841215300000e-05
3.905000000000000000e+02 5.386926894506068877e-05
3.915000000000000000e+02 5.137401956667687821e-05
3.925000000000000000e+02 4.621035422858263685e-05
3.935000000000000000e+02 3.538034348715027950e-05
3.945000000000000000e+02 2.911750880408638345e-05
3.955000000000000000e+02 3.467175970874257067e-05
3.965000000000000000e+02 2.893045150755588717e-05
3.975000000000000000e+02 2.670243707530110523e-05
3.990000000000000000e+02 2.866313874317692029e-05
4.020000000000000000e+02 4.306805153949022695e-05
4.060000000000000000e+02 5.212319841072104195e-05
4.100000000000000000e+02 5.223118883931999681e-05
4.140000000000000000e+02 4.818965456137169355e-05
4.180000000000000000e+02 2.875577863190379360e-05
4.220000000000000000e+02 3.129314483267344908e-05
4.260000000000000000e+02 4.053457099260659210e-05
4.300000000000000000e+02 4.390844944165203380e-05
4.340000000000000000e+02 4.538559892501013205e-05
4.380000000000000000e+02 4.269095814084676637e-05
4.420000000000000000e+02 3.409586453084612051e-05
4.460000000000000000e+02 3.953619264236689780e-05
4.500000000000000000e+02 4.322408795866700013e-05
4.540000000000000000e+02 3.685227556388292249e-05
4.580000000000000000e+02 2.750795078166878838e-05
4.620000000000000000e+02 3.907658553213718376e-05
4.660000000000000000e+02 4.214562103131978447e-05
4.700000000000000000e+02 3.526784972290666773e-05
4.740000000000000000e+02 3.211687767910050803e-05
4.780000000000000000e+02 4.537480491584581810e-05
4.820000000000000000e+02 3.757752905679619164e-05
4.860000000000000000e+02 3.650991232399721100e-05
4.900000000000000000e+02 4.203968332409331517e-05
4.940000000000000000e+02 4.186896075035360855e-05
4.980000000000000000e+02 5.254168870562614922e-05
5.020000000000000000e+02 3.002387619422457687e-05
5.060000000000000000e+02 3.079471829780733918e-05
5.100000000000000000e+02 3.368884615816752025e-05
5.140000000000000000e+02 3.529652645708071090e-05
5.180000000000000000e+02 2.409286408177436578e-05
5.220000000000000000e+02 2.913335139040415720e-05
5.260000000000000000e+02 2.169568417598228839e-05
5.300000000000000000e+02 2.323860569960402531e-05
5.340000000000000000e+02 2.264434828287689572e-05
5.380000000000000000e+02 2.221487993864934094e-05
5.420000000000000000e+02 2.159988685228417683e-05
5.460000000000000000e+02 1.214527301901623684e-05
5.500000000000000000e+02 1.706824078867406083e-05
5.540000000000000000e+02 1.691456105967070874e-05
5.580000000000000000e+02 1.530986518423818531e-05
5.620000000000000000e+02 1.331453313559629487e-05
5.660000000000000000e+02 1.113700447507038302e-05
5.700000000000000000e+02 1.009546843965018389e-05
5.740000000000000000e+02 9.361433165876901642e-06
5.780000000000000000e+02 8.311688204939002473e-06
5.820000000000000000e+02 7.816551502769170594e-06
5.860000000000000000e+02 7.463075112293392830e-06
5.900000000000000000e+02 7.029290542681251210e-06
5.940000000000000000e+02 6.555146210355158216e-06
5.980000000000000000e+02 5.664381465298805619e-06
6.020000000000000000e+02 5.001084358637952683e-06
6.060000000000000000e+02 4.547244505465828558e-06
6.100000000000000000e+02 4.581880263332614802e-06
6.140000000000000000e+02 4.774595486797305260e-06
6.180000000000000000e+02 5.030840864152217935e-06
6.220000000000000000e+02 4.863479659255953145e-06
6.260000000000000000e+02 3.979501402390348757e-06
6.300000000000000000e+02 3.836155921549512083e-06
6.340000000000000000e+02 3.438451506824455117e-06
6.380000000000000000e+02 3.152026750614974194e-06
6.420000000000000000e+02 2.614113685133612327e-06
6.460000000000000000e+02 2.751219299108665685e-06
6.500000000000000000e+02 3.243656484415527762e-06
6.540000000000000000e+02 2.904145636972037031e-06
6.580000000000000000e+02 2.322705457376255432e-06
6.620000000000000000e+02 2.736674166306908497e-06
6.660000000000000000e+02 1.904146925769058883e-06
6.700000000000000000e+02 3.719405676396616576e-06
6.740000000000000000e+02 2.202222209329566387e-06
6.780000000000000000e+02 2.745719463307308433e-06
6.820000000000000000e+02 1.595950003779370531e-06
6.860000000000000000e+02 1.961914605120998391e-06
6.900000000000000000e+02 2.683262885510926188e-06
6.940000000000000000e+02 2.530636956689155936e-06
6.980000000000000000e+02 2.092470318222603208e-06
7.020000000000000000e+02 2.232950438283299957e-06
7.060000000000000000e+02 2.062305391362757006e-06
7.100000000000000000e+02 2.335073148295872733e-06
7.140000000000000000e+02 2.250436907161674691e-06
7.180000000000000000e+02 2.769024232470118004e-06
7.220000000000000000e+02 2.447046314586265921e-06
7.260000000000000000e+02 2.290313719396930032e-06
7.300000000000000000e+02 2.225439573687407670e-06
7.340000000000000000e+02 2.246681346929710891e-06
7.380000000000000000e+02 2.264125731692506091e-06
7.420000000000000000e+02 2.358660649551949377e-06
7.460000000000000000e+02 2.265674212548324043e-06
7.500000000000000000e+02 2.423749962603858632e-06
7.540000000000000000e+02 2.484109738836884675e-06
7.580000000000000000e+02 2.536180530875403740e-06
7.620000000000000000e+02 2.597529686257191409e-06
7.660000000000000000e+02 2.877784840099197999e-06
7.700000000000000000e+02 2.910537410799800157e-06
7.740000000000000000e+02 3.272443977252496677e-06
7.780000000000000000e+02 3.561464045255336420e-06
7.820000000000000000e+02 3.378158976895633111e-06
7.860000000000000000e+02 4.029002110317629008e-06
7.900000000000000000e+02 3.006137401207631432e-06
7.940000000000000000e+02 2.692371525961311020e-06
7.980000000000000000e+02 3.296648030446562410e-06
8.020000000000000000e+02 3.104674382257388041e-06
8.060000000000000000e+02 3.194851536570653360e-06
8.100000000000000000e+02 3.872751586097242700e-06
8.140000000000000000e+02 4.353274550652111719e-06
8.180000000000000000e+02 7.151750191690483601e-06
8.220000000000000000e+02 9.516359971336936806e-06
8.260000000000000000e+02 1.419660263067802464e-05
8.300000000000000000e+02 1.082135738021793505e-05
8.340000000000000000e+02 1.783419854943168610e-05
8.380000000000000000e+02 1.800536719109267102e-05
8.420000000000000000e+02 1.849822487188460001e-05
8.460000000000000000e+02 1.878314812395064537e-05
8.500000000000000000e+02 2.015734490639494876e-05
8.540000000000000000e+02 1.995627078287269375e-05
8.580000000000000000e+02 2.101367323868010286e-05
8.620000000000000000e+02 1.942320639482999565e-05
8.660000000000000000e+02 1.813293428051097295e-05
8.700000000000000000e+02 2.181079792946612905e-05
8.740000000000000000e+02 2.106567266643721926e-05
8.780000000000000000e+02 2.088101408281545863e-05
8.820000000000000000e+02 2.010909337404157850e-05
8.860000000000000000e+02 1.976381807645247686e-05
8.900000000000000000e+02 1.907224336571995067e-05
8.940000000000000000e+02 1.816100256719825224e-05
8.980000000000000000e+02 1.666255271504656990e-05
9.020000000000000000e+02 1.469340176673937554e-05
9.060000000000000000e+02 1.178432690485725849e-05
9.100000000000000000e+02 1.063177332369199067e-05
9.140000000000000000e+02 8.506210028216348661e-06
9.180000000000000000e+02 8.232777398427453208e-06
9.220000000000000000e+02 7.316193046536066731e-06
9.260000000000000000e+02 7.220263785393197308e-06
9.300000000000000000e+02 4.912254811318054141e-06
9.340000000000000000e+02 3.057605087426553603e-06
9.380000000000000000e+02 2.130727713220221616e-06
9.420000000000000000e+02 1.694545931060965302e-06
9.460000000000000000e+02 1.404049404633437798e-06
9.500000000000000000e+02 1.368423152654762205e-06
9.540000000000000000e+02 1.412342591340904961e-06
9.580000000000000000e+02 1.750409373127707598e-06
9.620000000000000000e+02 3.630185051547622971e-06
9.660000000000000000e+02 1.208779292655113944e-06
9.700000000000000000e+02 1.004965920724311586e-06
9.740000000000000000e+02 9.702325493034237802e-07
9.780000000000000000e+02 1.065005686543011700e-06
9.820000000000000000e+02 1.534510909739037474e-06
9.860000000000000000e+02 2.411541952289603364e-06
9.900000000000000000e+02 5.580183556657300550e-06
9.940000000000000000e+02 9.999621581901975932e-06
9.980000000000000000e+02 1.221408312505195040e-05
1.002000000000000000e+03 1.221450950599388535e-05
1.006000000000000000e+03 1.126644660712278464e-05
1.010000000000000000e+03 8.380931067451626769e-06
1.014000000000000000e+03 6.947403287195834367e-06
1.018000000000000000e+03 4.827797752159703897e-06
1.022000000000000000e+03 3.016754852006835750e-06
1.026000000000000000e+03 2.343476164386885713e-06
1.030000000000000000e+03 1.566374633559017539e-06
1.034000000000000000e+03 1.004081522109326057e-06
1.038000000000000000e+03 6.137992581466592141e-07
1.042000000000000000e+03 6.530648861465401294e-07
1.046000000000000000e+03 5.491727484519094441e-07
1.050000000000000000e+03 4.428527848091587283e-07
1.054000000000000000e+03 3.942188530824758766e-07
1.058000000000000000e+03 4.286920181971457247e-07
1.062000000000000000e+03 6.707929166069797102e-07
1.066000000000000000e+03 5.880361290197306832e-07
1.070000000000000000e+03 4.334822406320726220e-07
1.074000000000000000e+03 3.812052601501838332e-07
1.078000000000000000e+03 3.755423658904625393e-07
1.082000000000000000e+03 4.146713315951412877e-07
1.086000000000000000e+03 5.543293934553222793e-07
1.090000000000000000e+03 9.757969163656366732e-07
1.094000000000000000e+03 1.873899077697714702e-06
1.098000000000000000e+03 4.966062015126244905e-06
1.102000000000000000e+03 7.616056517244923327e-06
1.106000000000000000e+03 8.443040931338295456e-06
1.110000000000000000e+03 8.807602105566143772e-06
1.114000000000000000e+03 8.669154694065636711e-06
1.118000000000000000e+03 8.325241795040035463e-06
1.122000000000000000e+03 7.681431424465410206e-06
1.126000000000000000e+03 7.980993474008374775e-06
1.130000000000000000e+03 8.068030926606452972e-06
1.134000000000000000e+03 7.367565951172262181e-06
1.138000000000000000e+03 7.299617697196820483e-06
1.142000000000000000e+03 7.722409877848694084e-06
1.146000000000000000e+03 7.729104601598269005e-06
1.150000000000000000e+03 7.263315165427978051e-06
1.154000000000000000e+03 7.022273376949515958e-06
1.158000000000000000e+03 7.215429694932178307e-06
1.162000000000000000e+03 7.027276086805002650e-06
1.166000000000000000e+03 6.703349610008205224e-06
1.170000000000000000e+03 6.287913532069720906e-06
1.174000000000000000e+03 5.140753365790878159e-06
1.178000000000000000e+03 6.301922739497710812e-06
1.182000000000000000e+03 6.183268063846435399e-06
1.186000000000000000e+03 5.015999211048178089e-06
1.190000000000000000e+03 4.963091019316150493e-06
1.194000000000000000e+03 5.644896794522512563e-06
1.198000000000000000e+03 4.248656331778615304e-06
1.202000000000000000e+03 3.412493593368407547e-06
1.206000000000000000e+03 5.422137372008739449e-06
1.210000000000000000e+03 2.931398163124399717e-06
1.214000000000000000e+03 4.358304959618317262e-06
1.218000000000000000e+03 1.572519125381464257e-06
1.222000000000000000e+03 1.005077273563384224e-06
1.226000000000000000e+03 2.500928367054159863e-06
1.230000000000000000e+03 1.378698184468770275e-06
1.234000000000000000e+03 2.134077800417579589e-06
1.238000000000000000e+03 4.974413537372571305e-07
1.242000000000000000e+03 3.001457379385217091e-07
1.246000000000000000e+03 2.063044697621448666e-07
1.250000000000000000e+03 5.800930579707994693e-07
1.254000000000000000e+03 2.162452289524262873e-07
1.258000000000000000e+03 3.441525369748593336e-07
1.262000000000000000e+03 7.972960951844760948e-08
1.266000000000000000e+03 1.107900780057463706e-07
1.270000000000000000e+03 7.651002167009037014e-08
1.274000000000000000e+03 1.706583544319088287e-07
1.278000000000000000e+03 1.779956044364256468e-07
1.282000000000000000e+03 9.949913382040470880e-08
1.286000000000000000e+03 1.406716738946875062e-07
1.290000000000000000e+03 1.890936253467050662e-07
1.294000000000000000e+03 8.044299639553174893e-08
1.298000000000000000e+03 7.790825663923046094e-08
1.302000000000000000e+03 5.710678362369464847e-08
1.306000000000000000e+03 5.543184955784937873e-08
1.310000000000000000e+03 1.132496621155082847e-07
1.314000000000000000e+03 3.731105794694574957e-07
1.318000000000000000e+03 1.753042391638648096e-07
1.322000000000000000e+03 1.030642237028109276e-07
1.326000000000000000e+03 9.482239542286749139e-08
1.330000000000000000e+03 7.334817618321108833e-08
1.334000000000000000e+03 6.111095292279483812e-08
1.338000000000000000e+03 5.597925055473122245e-08
1.342000000000000000e+03 4.654410991485412236e-08
1.346000000000000000e+03 6.111813315683264786e-08
1.350000000000000000e+03 7.876607851656947213e-08
1.354000000000000000e+03 5.901546262903628408e-08
1.358000000000000000e+03 8.887694759535580987e-08
1.362000000000000000e+03 8.124169839678060343e-08
1.366000000000000000e+03 1.799139495172041203e-07
1.370000000000000000e+03 2.230644293537888927e-07
1.374000000000000000e+03 1.754374161327549558e-07
1.378000000000000000e+03 2.925474055513449346e-07
1.382000000000000000e+03 4.972524712654107323e-07
1.386000000000000000e+03 3.636282171381982148e-07
1.390000000000000000e+03 4.302912836377384305e-07
1.394000000000000000e+03 2.493214562469133328e-07
1.398000000000000000e+03 1.912226972891734256e-07
1.402000000000000000e+03 4.106876740089332990e-07
1.406000000000000000e+03 3.271328293270863091e-07
1.410000000000000000e+03 4.803487305105524264e-07
1.414000000000000000e+03 4.277835731096228192e-07
1.418000000000000000e+03 1.459017919375228151e-07
1.422000000000000000e+03 2.003189848477380262e-07
1.426000000000000000e+03 2.687146266829343172e-07
1.430000000000000000e+03 2.193250802691158529e-07
1.434000000000000000e+03 1.889474642557262283e-07
1.438000000000000000e+03 1.597174199220784894e-07
1.442000000000000000e+03 3.192919123100834059e-07
1.446000000000000000e+03 2.615734910783637197e-07
1.450000000000000000e+03 1.907786418205802790e-07
1.454000000000000000e+03 1.272354499797748437e-07
1.458000000000000000e+03 6.421731307807369598e-08
1.462000000000000000e+03 1.506545889121226208e-07
1.466000000000000000e+03 1.136329580532943889e-07
1.470000000000000000e+03 1.587139525685637841e-07
1.474000000000000000e+03 6.302250495946429761e-08
1.478000000000000000e+03 1.866108265503196153e-07
1.482000000000000000e+03 1.780812940153401896e-07
1.486000000000000000e+03 1.532747959877895723e-07
1.490000000000000000e+03 8.769278340677536717e-08
1.494000000000000000e+03 1.080961757939476357e-07
1.498000000000000000e+03 6.885506825825990753e-08
1.502000000000000000e+03 1.036980003392450001e-07
1.506000000000000000e+03 4.513448888727304975e-08
1.510000000000000000e+03 8.131592694932311552e-08
1.514000000000000000e+03 9.527417764875892259e-08
1.518000000000000000e+03 6.595216555099855545e-08
1.522000000000000000e+03 4.599534944081126977e-08
1.526000000000000000e+03 7.028754220843727876e-08
1.530000000000000000e+03 9.752117592006931910e-08
1.534000000000000000e+03 4.008237813639284761e-08
1.538000000000000000e+03 2.302738476331663614e-08
1.542000000000000000e+03 2.528083773630764649e-08
1.546000000000000000e+03 6.631445972880872548e-08
1.550000000000000000e+03 7.197715077808000329e-08
1.554000000000000000e+03 5.900093315060582154e-08
1.558000000000000000e+03 2.910598701321178353e-08
1.562000000000000000e+03 5.343013395054631128e-08
1.566000000000000000e+03 6.703933002023213793e-08
1.570000000000000000e+03 5.103379009433487805e-08
1.574000000000000000e+03 6.164663831576884666e-08
1.578000000000000000e+03 5.360807702822205327e-08
1.582000000000000000e+03 1.589415835326242608e-07
1.586000000000000000e+03 2.350050288215996991e-07
1.590000000000000000e+03 1.766177886666946819e-07
1.594000000000000000e+03 1.675537146101484980e-07
1.598000000000000000e+03 1.824809823436018190e-07
1.602000000000000000e+03 1.338695947371532161e-07
1.606000000000000000e+03 1.507619451574719971e-07
1.610000000000000000e+03 7.062494755214940345e-08
1.614000000000000000e+03 6.603161760521064475e-08
1.618000000000000000e+03 3.348337343585510255e-08
1.622000000000000000e+03 4.159362825930381969e-08
1.626000000000000000e+03 4.511795647496403057e-08
1.630000000000000000e+03 6.696394722301244224e-08
1.634000000000000000e+03 3.052231960245970716e-08
1.638000000000000000e+03 3.488475335694246500e-08
1.642000000000000000e+03 5.927339548025774264e-08
1.646000000000000000e+03 2.092297116770251021e-08
1.650000000000000000e+03 2.751906808463330693e-08
1.654000000000000000e+03 1.478043630104457769e-08
1.658000000000000000e+03 5.376079378156973227e-08
1.662000000000000000e+03 3.690831017340873566e-08
1.666000000000000000e+03 4.875685250936591336e-08
1.670000000000000000e+03 2.201894131182041722e-08
1.674000000000000000e+03 2.867436583205188224e-08
1.678000000000000000e+03 3.778123190004968255e-08
1.682000000000000000e+03 2.710867935711920367e-08
1.686000000000000000e+03 2.066586298392212408e-08
1.690000000000000000e+03 3.664848798495367239e-08
1.694000000000000000e+03 2.784955012651259952e-08
1.698000000000000000e+03 1.557061504343044371e-08
1.702000000000000000e+03 1.991657121836303694e-08
1.706000000000000000e+03 2.227861682745054858e-08
1.710000000000000000e+03 4.624575095897925252e-08
1.714000000000000000e+03 2.864022602247998272e-08
1.718000000000000000e+03 1.570009975838332943e-08
1.722000000000000000e+03 4.582284563464507346e-08
1.726000000000000000e+03 7.016472014938488460e-08
1.730000000000000000e+03 3.737568075501853450e-08
1.734000000000000000e+03 1.409664544536628218e-08
1.738000000000000000e+03 2.360397278943023524e-08
1.742000000000000000e+03 2.585359429686736029e-08
1.746000000000000000e+03 3.179707541455990509e-08
1.750000000000000000e+03 1.929105160181886799e-08
1.754000000000000000e+03 4.613769149670343897e-08
1.758000000000000000e+03 3.626363672871973205e-08
1.762000000000000000e+03 2.877730862244901277e-08
1.766000000000000000e+03 4.910638175882281914e-08
1.770000000000000000e+03 1.926264700291912880e-08
1.774000000000000000e+03 1.659202169352788337e-08
1.778000000000000000e+03 4.516090017118967760e-08
1.782000000000000000e+03 4.345178944581427168e-08
1.786000000000000000e+03 5.343845184720179133e-08
1.790000000000000000e+03 3.673401165784037303e-08
1.794000000000000000e+03 2.144941576072011354e-08
1.798000000000000000e+03 3.307703354795630696e-08
1.802000000000000000e+03 3.608977892892775496e-08
1.806000000000000000e+03 7.218642358233829569e-08
1.810000000000000000e+03 4.051144538153094715e-08
1.814000000000000000e+03 9.183324546005819083e-08
1.818000000000000000e+03 9.619797726580572321e-08
1.822000000000000000e+03 7.687637236496866207e-08
1.826000000000000000e+03 2.721423520292859348e-08
1.830000000000000000e+03 1.866116243502066948e-08
1.834000000000000000e+03 6.328609291398492412e-08
1.838000000000000000e+03 5.411329307528022556e-08
1.842000000000000000e+03 3.532918784556364449e-08
1.846000000000000000e+03 1.938719900871618482e-08
1.850000000000000000e+03 5.742376396378033791e-08
1.854000000000000000e+03 7.266678985095754244e-08
1.858000000000000000e+03 5.959329834141007474e-08
1.862000000000000000e+03 4.302481451259744976e-08
1.866000000000000000e+03 2.156355463277301567e-08
1.870000000000000000e+03 1.561792919782325624e-08
1.874000000000000000e+03 4.960710428369799126e-08
1.878000000000000000e+03 7.709775928364239513e-08
1.882000000000000000e+03 4.430214351440927418e-08
1.886000000000000000e+03 2.589020723547312980e-08
1.890000000000000000e+03 1.076929492543588164e-08
1.894000000000000000e+03 7.176642323536342019e-09
1.898000000000000000e+03 1.579211866611652963e-09
1.902000000000000000e+03 8.764570680765849088e-10
1.906000000000000000e+03 7.047751877600529044e-10
1.910000000000000000e+03 6.248812218654879852e-10
1.914000000000000000e+03 5.980362331042201305e-10
1.918000000000000000e+03 5.919219353452627017e-10
1.922000000000000000e+03 5.836484579374847109e-10
1.926000000000000000e+03 5.774758474636233007e-10
1.930000000000000000e+03 5.506484312679201156e-10
1.934000000000000000e+03 5.605684752720432515e-10
1.938000000000000000e+03 6.579303561269647747e-10
1.942000000000000000e+03 4.995517268613993713e-09
1.946000000000000000e+03 1.741119458575977675e-08
1.950000000000000000e+03 1.690253887220792865e-08
1.954000000000000000e+03 2.489787332160304425e-09
1.958000000000000000e+03 2.896144121007824905e-09
1.962000000000000000e+03 3.482087108033122150e-09
1.966000000000000000e+03 6.357635715188191053e-09
1.970000000000000000e+03 2.151488718552389412e-08
1.974000000000000000e+03 5.652712394891071845e-08
1.978000000000000000e+03 8.568366998633396598e-08
1.982000000000000000e+03 9.572508089831907588e-08
1.986000000000000000e+03 7.632061947215518990e-08
1.990000000000000000e+03 2.559054290030358077e-08
1.996000000000000000e+03 5.955889889588735727e-08
2.005000000000000000e+03 6.989096710768279536e-08
2.015000000000000000e+03 4.469120185266473781e-08
2.025000000000000000e+03 9.154045336957132743e-09
2.035000000000000000e+03 6.724440037611127378e-10
2.045000000000000000e+03 2.197288551640948410e-10
2.055000000000000000e+03 1.735751522619134054e-10
2.065000000000000000e+03 1.553456238992511778e-10
2.075000000000000000e+03 1.724024818933128475e-10
2.085000000000000000e+03 1.521910553318784730e-10
2.095000000000000000e+03 1.361709403682339574e-10
2.105000000000000000e+03 1.248140962432842799e-10
2.115000000000000000e+03 1.088694053870840728e-10
2.125000000000000000e+03 8.890713258350606920e-11
2.135000000000000000e+03 3.981010609574468168e-11
2.145000000000000000e+03 2.021698241949966690e-11
2.155000000000000000e+03 2.310529603105538803e-11
2.165000000000000000e+03 1.304772413848576627e-11
2.175000000000000000e+03 8.720949661385060822e-12
2.185000000000000000e+03 8.044353387539557737e-12
2.195000000000000000e+03 1.137944692192576082e-11
2.205000000000000000e+03 1.780554813378987880e-11
2.215000000000000000e+03 2.873119817539321286e-11
2.225000000000000000e+03 5.248557482714322986e-11
2.235000000000000000e+03 1.614942968736137253e-10
2.245000000000000000e+03 1.677876345911378245e-09
2.255000000000000000e+03 2.718246714568292519e-09
2.265000000000000000e+03 4.088686224538858914e-10
2.275000000000000000e+03 5.879031123442549613e-11
2.285000000000000000e+03 3.912721386294099253e-11
2.295000000000000000e+03 3.285755815700095069e-11
2.305000000000000000e+03 2.753712180926838300e-11
2.315000000000000000e+03 2.298819584912291083e-11
2.325000000000000000e+03 2.267820584074650112e-11
2.335000000000000000e+03 2.409640733032426997e-11
2.345000000000000000e+03 1.905720973413605556e-11
2.355000000000000000e+03 1.418922277647642004e-11
2.365000000000000000e+03 1.237830237080682764e-11
2.375000000000000000e+03 8.290760744108557280e-12
2.385000000000000000e+03 1.165687037022584672e-11
2.395000000000000000e+03 9.898089260744488713e-09
2.405000000000000000e+03 1.535153749577871922e-08
2.415000000000000000e+03 7.317254140989607838e-09
2.425000000000000000e+03 9.867832092503533920e-09
2.435000000000000000e+03 6.195125826473887167e-09
2.445000000000000000e+03 3.959296469459286880e-09
2.455000000000000000e+03 1.315196621048730027e-08
2.465000000000000000e+03 2.434518151889938681e-08
2.475000000000000000e+03 1.933408318615016726e-08
2.485000000000000000e+03 2.431229315130936361e-08
2.495000000000000000e+03 1.859561871162180731e-08
2.505000000000000000e+03 2.142402429296926913e-08
2.515000000000000000e+03 1.599475044628475400e-08
2.525000000000000000e+03 1.735903791672800137e-08
2.535000000000000000e+03 1.659612662813394706e-08
2.545000000000000000e+03 1.490570139335013495e-08
2.555000000000000000e+03 1.353159145514371309e-08
2.565000000000000000e+03 1.049127309136138111e-08
2.575000000000000000e+03 1.176490802399437735e-08
2.585000000000000000e+03 1.017354989459243026e-08
2.595000000000000000e+03 9.570697137711570636e-09
2.605000000000000000e+03 7.511241503068578134e-09
2.615000000000000000e+03 1.069547219739069594e-08
2.625000000000000000e+03 1.038517488180441660e-08
2.635000000000000000e+03 6.047128151246883590e-09
2.645000000000000000e+03 7.688844035786657424e-09
2.655000000000000000e+03 6.757043358250063164e-09
2.665000000000000000e+03 6.986513025431484531e-09
2.675000000000000000e+03 6.001105042894024551e-09
2.685000000000000000e+03 6.184067837077027047e-09
2.695000000000000000e+03 4.509805418688572998e-09
2.705000000000000000e+03 6.691946023664800841e-09
2.715000000000000000e+03 5.356425677838188768e-09
2.725000000000000000e+03 4.499343898712024259e-09
2.735000000000000000e+03 5.722816012766392341e-09
2.745000000000000000e+03 3.400573376844394198e-09
2.755000000000000000e+03 3.144406583819300890e-09
2.765000000000000000e+03 3.913426289869219866e-09
2.775000000000000000e+03 2.117854414575981017e-09
2.785000000000000000e+03 1.465522219716256459e-09
2.795000000000000000e+03 1.122955921211747260e-09
2.805000000000000000e+03 1.976704129890779487e-09
2.815000000000000000e+03 1.277902116401993295e-09
2.825000000000000000e+03 3.403354446927988838e-10
2.835000000000000000e+03 1.415408261865550237e-09
2.845000000000000000e+03 1.885279608014145366e-09
2.855000000000000000e+03 1.397793687039256186e-09
2.865000000000000000e+03 5.802071003912213895e-10
2.875000000000000000e+03 4.342236645788968421e-10
2.885000000000000000e+03 5.458870347281634179e-10
2.895000000000000000e+03 9.556417026422575966e-10
2.905000000000000000e+03 3.119336104961535092e-10
2.915000000000000000e+03 4.776850392171296563e-10
2.925000000000000000e+03 2.591197037132141193e-10
2.935000000000000000e+03 1.922606165907773667e-10
2.945000000000000000e+03 1.753644026664002218e-10
2.955000000000000000e+03 6.094778020120964658e-11
2.965000000000000000e+03 9.828983635207172056e-11
2.975000000000000000e+03 1.204366363877598304e-10
2.985000000000000000e+03 1.606582760532708750e-10
2.995000000000000000e+03 1.796881872108501692e-10
3.005000000000000000e+03 1.541803272507439238e-10
3.015000000000000000e+03 1.714778185478483173e-13
3.025000000000000000e+03 7.243807682694561406e-11
3.035000000000000000e+03 8.743620695767387747e-11
3.045000000000000000e+03 2.162265517487822617e-10
3.055000000000000000e+03 5.921524347675373115e-11
3.065000000000000000e+03 1.320622973298566889e-11
3.075000000000000000e+03 7.571550357688565623e-12
3.085000000000000000e+03 3.506599151146951286e-12
3.095000000000000000e+03 2.612286022503013893e-11
3.105000000000000000e+03 2.016670937665288241e-11
3.115000000000000000e+03 3.160336640449357225e-11
3.125000000000000000e+03 5.631025721089253768e-11
3.135000000000000000e+03 1.183311516512910650e-10
3.145000000000000000e+03 1.810428936791303389e-10
3.155000000000000000e+03 1.806424767745343313e-10
3.165000000000000000e+03 1.532988146724152785e-10
3.175000000000000000e+03 2.545068156889036327e-10
3.185000000000000000e+03 2.985224349064097453e-10
3.195000000000000000e+03 1.028556595093423193e-10
3.205000000000000000e+03 1.245016141680704578e-10
3.215000000000000000e+03 1.165569522914993082e-10
3.225000000000000000e+03 3.020128194014859960e-10
3.235000000000000000e+03 3.146821303606039284e-10
3.245000000000000000e+03 3.450831268820306687e-10
3.255000000000000000e+03 3.348930742775813122e-10
3.265000000000000000e+03 4.367018398305537873e-10
3.275000000000000000e+03 1.513836762028985128e-10
3.285000000000000000e+03 2.544417267091204618e-10
3.295000000000000000e+03 1.130822658711423356e-10
3.305000000000000000e+03 8.730971885018604236e-11
3.315000000000000000e+03 6.925755361594770287e-12
3.325000000000000000e+03 1.118791737354489191e-11
3.335000000000000000e+03 1.114312375037607414e-10
3.345000000000000000e+03 3.259793176654857616e-12
3.355000000000000000e+03 2.273609362910075612e-14
3.365000000000000000e+03 2.678377578880067527e-13
3.375000000000000000e+03 2.729590222250706274e-11
3.385000000000000000e+03 1.164682424881412184e-10
3.395000000000000000e+03 1.228738508790732429e-10
3.405000000000000000e+03 1.934334485956028418e-10
3.415000000000000000e+03 1.728076021253831269e-10
3.425000000000000000e+03 9.739227872043886992e-11
3.435000000000000000e+03 1.265686241469453427e-10
3.445000000000000000e+03 2.502021926249569100e-11
3.455000000000000000e+03 7.510677268326295775e-11
3.465000000000000000e+03 1.955317572026227785e-11
3.475000000000000000e+03 3.283777414548985033e-12
3.485000000000000000e+03 2.127000680496024785e-12
3.495000000000000000e+03 1.153136167946920152e-11
3.505000000000000000e+03 1.211952005727046711e-13
3.515000000000000000e+03 1.280379482853229081e-14
3.525000000000000000e+03 6.674685945092075389e-15
3.535000000000000000e+03 3.889135155481295091e-15
3.545000000000000000e+03 2.907394827873670015e-15
3.555000000000000000e+03 2.500762818848577754e-15
3.565000000000000000e+03 2.151065522464811363e-15
3.575000000000000000e+03 1.815319354831427327e-15
3.585000000000000000e+03 1.440134857419081909e-15
3.595000000000000000e+03 1.267634541313467826e-15
3.605000000000000000e+03 1.027613232978541916e-15
3.615000000000000000e+03 5.749789056759559050e-16
3.625000000000000000e+03 4.928632112529229263e-16
3.635000000000000000e+03 5.346406797790957955e-16
3.645000000000000000e+03 1.091518819259104451e-15
3.655000000000000000e+03 2.807764824853497892e-15
3.665000000000000000e+03 1.020901021387425187e-15
3.675000000000000000e+03 8.807601377950217638e-16
3.685000000000000000e+03 6.894231120997756604e-16
3.695000000000000000e+03 5.295909169738376900e-16
3.705000000000000000e+03 5.614626286239455259e-16
3.715000000000000000e+03 4.823238787454351655e-16
3.725000000000000000e+03 4.948071962241060942e-16
3.735000000000000000e+03 4.999335724726851665e-16
3.745000000000000000e+03 5.325967791251041540e-16
3.755000000000000000e+03 2.430687381782127641e-15
3.765000000000000000e+03 2.167334363378353132e-13
3.775000000000000000e+03 9.571632393045841549e-13
3.785000000000000000e+03 8.594441227339472740e-13
3.795000000000000000e+03 4.852150999817746879e-13
3.805000000000000000e+03 5.319350079464603823e-14
3.815000000000000000e+03 1.333442631905539702e-13
3.825000000000000000e+03 5.361387724777845321e-14
3.835000000000000000e+03 4.047492782227521010e-14
3.845000000000000000e+03 1.289956097417353971e-13
3.855000000000000000e+03 5.078199281260463425e-14
3.865000000000000000e+03 5.052931342644739255e-14
3.875000000000000000e+03 1.872206005464937566e-13
3.885000000000000000e+03 1.165207487060829753e-13
3.895000000000000000e+03 1.821737983984560217e-13
3.905000000000000000e+03 3.309852974922844888e-13
3.915000000000000000e+03 1.207542817463964504e-12
3.925000000000000000e+03 6.028218992919061693e-13
3.935000000000000000e+03 1.466205540143381783e-12
3.945000000000000000e+03 1.080967226471510690e-12
3.955000000000000000e+03 1.732158478746076923e-12
3.965000000000000000e+03 4.340482952518498177e-12
3.975000000000000000e+03 3.125558398070067015e-12
