# ------------------------------------------------------------------------
# Radiance spectrum
# NASA-GSFC Planetary Spectrum Generator (PSG) (Villanueva et al. 2018)
# Synthesized on Thu Oct  1 15:27:53 2020
# ------------------------------------------------------------------------
# Atmospheric radiances synthesized with PUMAS (Villanueva et al. 2018, Smith et al. 2009, Edwards 1992)
# Molecular abundance profile: Venus atmosphere - Ehrenreich et al. 2012, AA
# Molecules considered: CO2,N2,CO,O2,SO2,H2O,O3
# Molecular sources: HIT[2],HIT[22],HIT[5],HIT[7],HIT[9],HIT[1],HIT[3]
# Molecular abundances: 1,1,1,1,1,1,1
# Molecular abundance units: scl,scl,scl,scl,scl,scl,scl
# Collissional partners (CO2 type): Air:4%, H2:0%, He:0%, CO2:96%
# Collision-Induced-Absorption:  CO2-CO2  N2-H2O  N2-N2 
# ------------------------------------------------------------------------
# Doppler velocities [km/s] (vobs,vrot+vorb,vrwd,vrfl,vstr): 0.00000,0.00000,0.00000,0.00000,-0.00000
# Spectral unit: Wavelength [um]
# Radiance unit: Contrast [radiance ratio w.r.t. parent star]
# Wave/freq Total Noise Exoplanet
3.000000000e+00  0.0000000e+00  1.61283e+03  0.00000e+00
3.030000000e+00  0.0000000e+00  1.67697e+03  0.00000e+00
3.060300000e+00  2.0882047e-13  1.72032e+03  2.08820e-13
3.090903000e+00  5.0655518e-12  1.76975e+03  5.06555e-12
3.121812030e+00  0.0000000e+00  1.82451e+03  0.00000e+00
3.153030150e+00  2.9825427e-12  1.87234e+03  2.98254e-12
3.184560452e+00  8.9895967e-13  1.92174e+03  8.98960e-13
3.216406056e+00  4.3391828e-12  1.97770e+03  4.33918e-12
3.248570117e+00  7.4349232e-12  2.03095e+03  7.43492e-12
3.281055818e+00  8.8216472e-12  2.09399e+03  8.82165e-12
3.313866376e+00  8.8021902e-12  2.16521e+03  8.80219e-12
3.347005040e+00  1.1212931e-11  2.20893e+03  1.12129e-11
3.380475090e+00  1.9261108e-11  2.28008e+03  1.92611e-11
3.414279841e+00  4.7932940e-11  2.34551e+03  4.79329e-11
3.448422640e+00  1.3613017e-10  2.40162e+03  1.36130e-10
3.482906866e+00  4.9992691e-10  2.47145e+03  4.99927e-10
3.517735935e+00  3.3912169e-10  2.54673e+03  3.39122e-10
3.552913294e+00  1.4802307e-10  2.61546e+03  1.48023e-10
3.588442427e+00  7.0370068e-11  2.68764e+03  7.03701e-11
3.624326851e+00  4.7763502e-11  2.76606e+03  4.77635e-11
3.660570120e+00  4.8779405e-11  2.85155e+03  4.87794e-11
3.697175821e+00  2.4070710e-10  2.93700e+03  2.40707e-10
3.734147579e+00  1.9246055e-10  3.01878e+03  1.92461e-10
3.771489055e+00  6.7116995e-11  3.08935e+03  6.71170e-11
3.809203946e+00  2.7373360e-11  3.17555e+03  2.73734e-11
3.847295985e+00  3.4000194e-11  3.29073e+03  3.40002e-11
3.885768945e+00  1.0415630e-10  3.42788e+03  1.04156e-10
3.924626634e+00  2.0703720e-10  3.48420e+03  2.07037e-10
3.963872901e+00  5.0714056e-11  3.58358e+03  5.07141e-11
4.003511630e+00  2.1070339e-11  3.70421e+03  2.10703e-11
4.043546746e+00  2.6747011e-11  3.81137e+03  2.67470e-11
4.083982213e+00  4.3307802e-11  3.88229e+03  4.33078e-11
4.124822036e+00  6.5439390e-11  3.99381e+03  6.54394e-11
4.166070256e+00  2.7590896e-11  4.10390e+03  2.75909e-11
4.207730959e+00  1.7007692e-12  4.23929e+03  1.70077e-12
4.249808268e+00  1.6503040e-14  4.33654e+03  1.65030e-14
4.292306351e+00  1.0811507e-14  4.51424e+03  1.08115e-14
4.335229414e+00  3.4995498e-14  4.68161e+03  3.49955e-14
4.378581708e+00  6.4168175e-14  4.83461e+03  6.41682e-14
4.422367526e+00  1.8613401e-13  5.03295e+03  1.86134e-13
4.466591201e+00  2.7757199e-12  5.18225e+03  2.77572e-12
4.511257113e+00  2.9234096e-11  5.34523e+03  2.92341e-11
4.556369684e+00  7.2892383e-11  5.48311e+03  7.28924e-11
4.601933381e+00  7.8631545e-11  5.67611e+03  7.86315e-11
4.647952715e+00  8.7352059e-11  5.81925e+03  8.73521e-11
4.694432242e+00  7.3781535e-11  5.96335e+03  7.37815e-11
4.741376564e+00  4.7687924e-11  6.11722e+03  4.76879e-11
4.788790330e+00  3.3358017e-11  6.29517e+03  3.33580e-11
4.836678233e+00  1.3284125e-11  6.45752e+03  1.32841e-11
4.885045015e+00  2.4890854e-11  6.65133e+03  2.48909e-11
4.933895466e+00  7.7419320e-11  6.83250e+03  7.74193e-11
4.983234420e+00  1.7159227e-10  7.02355e+03  1.71592e-10
5.033066764e+00  3.1062864e-10  7.22227e+03  3.10629e-10
5.083397432e+00  2.8372606e-10  7.42935e+03  2.83726e-10
5.134231406e+00  2.3066986e-10  7.63344e+03  2.30670e-10
5.185573720e+00  1.1377177e-10  7.83093e+03  1.13772e-10
5.237429458e+00  8.3706346e-11  8.07398e+03  8.37063e-11
5.289803752e+00  1.8172743e-10  8.29312e+03  1.81727e-10
5.342701790e+00  2.9066515e-10  8.52595e+03  2.90665e-10
5.396128808e+00  4.2503809e-10  8.75795e+03  4.25038e-10
5.450090096e+00  5.0920199e-10  9.03221e+03  5.09202e-10
5.504590997e+00  6.2391306e-10  9.26763e+03  6.23913e-10
5.559636907e+00  6.4488949e-10  9.52838e+03  6.44889e-10
5.615233276e+00  7.0568133e-10  9.80094e+03  7.05681e-10
5.671385608e+00  6.7258453e-10  1.00687e+04  6.72585e-10
5.728099465e+00  7.0374273e-10  1.03526e+04  7.03743e-10
5.785380459e+00  7.6359971e-10  1.06485e+04  7.63600e-10
5.843234264e+00  7.9478104e-10  1.09412e+04  7.94781e-10
5.901666606e+00  7.0349014e-10  1.12696e+04  7.03490e-10
5.960683272e+00  8.3478650e-10  1.15835e+04  8.34786e-10
6.020290105e+00  1.0511020e-09  1.19144e+04  1.05110e-09
6.080493006e+00  9.5892281e-10  1.22738e+04  9.58923e-10
6.141297936e+00  1.2632311e-09  1.26027e+04  1.26323e-09
6.202710916e+00  1.5804580e-09  1.29812e+04  1.58046e-09
6.264738025e+00  2.2845083e-09  1.33569e+04  2.28451e-09
6.327385405e+00  2.3720844e-09  1.37252e+04  2.37208e-09
6.390659259e+00  1.8560138e-09  1.41266e+04  1.85601e-09
6.454565852e+00  1.8819056e-09  1.45510e+04  1.88191e-09
6.519111510e+00  1.8499217e-09  1.49526e+04  1.84992e-09
6.584302625e+00  1.9374945e-09  1.53876e+04  1.93749e-09
6.650145652e+00  2.1222129e-09  1.58417e+04  2.12221e-09
6.716647108e+00  2.4370031e-09  1.63087e+04  2.43700e-09
6.783813579e+00  2.5896622e-09  1.67923e+04  2.58966e-09
6.851651715e+00  2.4645666e-09  1.72802e+04  2.46457e-09
6.920168232e+00  2.6965996e-09  1.77872e+04  2.69660e-09
6.989369914e+00  2.4941705e-09  1.83293e+04  2.49417e-09
7.059263614e+00  2.3532794e-09  1.88541e+04  2.35328e-09
7.129856250e+00  2.2262246e-09  1.94621e+04  2.22622e-09
7.201154812e+00  1.9453599e-09  2.00102e+04  1.94536e-09
7.273166360e+00  1.5824919e-09  2.06010e+04  1.58249e-09
7.345898024e+00  1.7703743e-09  2.12647e+04  1.77037e-09
7.419357004e+00  1.8859440e-09  2.19545e+04  1.88594e-09
7.493550574e+00  2.4503956e-09  2.25333e+04  2.45040e-09
7.568486080e+00  3.2804229e-09  2.31238e+04  3.28042e-09
7.644170941e+00  3.7932719e-09  2.38072e+04  3.79327e-09
7.720612650e+00  3.8349957e-09  2.45087e+04  3.83500e-09
7.797818777e+00  3.6758041e-09  2.52327e+04  3.67580e-09
7.875796964e+00  3.9641583e-09  2.59829e+04  3.96416e-09
7.954554934e+00  4.4818162e-09  2.67535e+04  4.48182e-09
8.034100483e+00  4.8051728e-09  2.75527e+04  4.80517e-09
8.114441488e+00  5.6607640e-09  2.83657e+04  5.66076e-09
8.195585903e+00  6.4379281e-09  2.92117e+04  6.43793e-09
8.277541762e+00  6.8058740e-09  3.00748e+04  6.80587e-09
8.360317180e+00  6.9752061e-09  3.09773e+04  6.97521e-09
8.443920352e+00  7.1726239e-09  3.18902e+04  7.17262e-09
8.528359555e+00  7.3485997e-09  3.28418e+04  7.34860e-09
8.613643151e+00  7.6329303e-09  3.38145e+04  7.63293e-09
8.699779582e+00  8.6153003e-09  3.48202e+04  8.61530e-09
8.786777378e+00  9.0052641e-09  3.58551e+04  9.00526e-09
8.874645152e+00  1.0105379e-08  3.69536e+04  1.01054e-08
8.963391603e+00  1.1385792e-08  3.80232e+04  1.13858e-08
9.053025519e+00  1.2776561e-08  3.91611e+04  1.27766e-08
9.143555775e+00  1.4054631e-08  4.03304e+04  1.40546e-08
9.234991332e+00  1.4110440e-08  4.15198e+04  1.41104e-08
9.327341246e+00  1.4327542e-08  4.27583e+04  1.43275e-08
9.420614658e+00  1.5861232e-08  4.40325e+04  1.58612e-08
9.514820805e+00  1.6492356e-08  4.53463e+04  1.64924e-08
9.609969013e+00  1.8589594e-08  4.66952e+04  1.85896e-08
9.706068703e+00  2.0894322e-08  4.81068e+04  2.08943e-08
9.803129390e+00  2.3884485e-08  4.95264e+04  2.38845e-08
9.901160684e+00  2.7286441e-08  5.10106e+04  2.72864e-08
1.000017229e+01  3.0960949e-08  5.25200e+04  3.09609e-08
1.010017401e+01  3.2175717e-08  5.40998e+04  3.21757e-08
1.020117575e+01  3.1065551e-08  5.57167e+04  3.10656e-08
1.030318751e+01  3.1048637e-08  5.73617e+04  3.10486e-08
1.040621939e+01  3.6316788e-08  5.91111e+04  3.63168e-08
1.051028158e+01  3.7070263e-08  6.08423e+04  3.70703e-08
1.061538440e+01  3.9883915e-08  6.26777e+04  3.98839e-08
1.072153824e+01  4.3062345e-08  6.45338e+04  4.30623e-08
1.082875362e+01  4.6451605e-08  6.64918e+04  4.64516e-08
1.093704116e+01  4.8852921e-08  6.84518e+04  4.88529e-08
1.104641157e+01  5.1816954e-08  7.05441e+04  5.18170e-08
1.115687569e+01  5.6382673e-08  7.26258e+04  5.63827e-08
1.126844444e+01  6.1667426e-08  7.49047e+04  6.16674e-08
1.138112889e+01  6.7054355e-08  7.70100e+04  6.70544e-08
1.149494018e+01  7.2908358e-08  7.93180e+04  7.29084e-08
1.160988958e+01  7.6757614e-08  8.17248e+04  7.67576e-08
1.172598847e+01  8.2593389e-08  8.41147e+04  8.25934e-08
1.184324836e+01  8.7689751e-08  8.67085e+04  8.76898e-08
1.196168084e+01  9.3234763e-08  8.93056e+04  9.32348e-08
1.208129765e+01  9.5907632e-08  9.19338e+04  9.59076e-08
1.220211063e+01  1.0025371e-07  9.47371e+04  1.00254e-07
1.232413173e+01  9.9611680e-08  9.76138e+04  9.96117e-08
1.244737305e+01  9.9369629e-08  1.00434e+05  9.93696e-08
1.257184678e+01  9.8700711e-08  1.03419e+05  9.87007e-08
1.269756525e+01  9.8830343e-08  1.06590e+05  9.88303e-08
1.282454090e+01  1.0832336e-07  1.09732e+05  1.08323e-07
1.295278631e+01  1.0699888e-07  1.13002e+05  1.06999e-07
1.308231417e+01  1.0126412e-07  1.16449e+05  1.01264e-07
1.321313731e+01  8.9257759e-08  1.19906e+05  8.92578e-08
1.334526869e+01  7.6309160e-08  1.23468e+05  7.63092e-08
1.347872137e+01  6.3786492e-08  1.27198e+05  6.37865e-08
1.361350859e+01  5.8255274e-08  1.31081e+05  5.82553e-08
1.374964367e+01  5.9160754e-08  1.34900e+05  5.91608e-08
1.388714011e+01  4.9782209e-08  1.38954e+05  4.97822e-08
1.402601151e+01  5.8235334e-08  1.43605e+05  5.82353e-08
1.416627163e+01  5.1188620e-08  1.49304e+05  5.11886e-08
1.430793434e+01  3.9829005e-08  1.55368e+05  3.98290e-08
1.445101369e+01  2.6819470e-08  1.61540e+05  2.68195e-08
1.459552382e+01  1.9368280e-08  1.68046e+05  1.93683e-08
1.474147906e+01  1.6301306e-08  1.74827e+05  1.63013e-08
1.488889385e+01  1.5736421e-08  1.81871e+05  1.57364e-08
1.503778279e+01  1.5436478e-08  1.89193e+05  1.54365e-08
1.518816062e+01  1.8161961e-08  1.96798e+05  1.81620e-08
1.534004223e+01  2.0863745e-08  2.04722e+05  2.08637e-08
1.549344265e+01  2.6952139e-08  2.12978e+05  2.69521e-08
1.564837707e+01  4.0166190e-08  2.21548e+05  4.01662e-08
1.580486085e+01  5.6860019e-08  2.30486e+05  5.68600e-08
1.596290945e+01  7.7728063e-08  2.39777e+05  7.77281e-08
1.612253855e+01  1.0009227e-07  2.49472e+05  1.00092e-07
1.628376393e+01  9.3262689e-08  2.59607e+05  9.32627e-08
1.644660157e+01  1.1814501e-07  2.69979e+05  1.18145e-07
1.661106759e+01  1.3501824e-07  2.80846e+05  1.35018e-07
1.677717826e+01  1.3994718e-07  2.92175e+05  1.39947e-07
1.694495005e+01  1.7404778e-07  3.04011e+05  1.74048e-07
1.711439955e+01  1.9781134e-07  3.16229e+05  1.97811e-07
1.728554354e+01  2.2605783e-07  3.28984e+05  2.26058e-07
1.745839898e+01  2.5202391e-07  3.42236e+05  2.52024e-07
1.763298297e+01  2.7892890e-07  3.56079e+05  2.78929e-07
1.780931280e+01  2.9903887e-07  3.70422e+05  2.99039e-07
1.798740593e+01  3.1300843e-07  3.85363e+05  3.13008e-07
1.816727999e+01  3.2250606e-07  4.00916e+05  3.22506e-07
1.834895279e+01  3.1172972e-07  4.17184e+05  3.11730e-07
1.853244231e+01  3.3800292e-07  4.33960e+05  3.38003e-07
1.871776674e+01  3.3852078e-07  4.51499e+05  3.38521e-07
1.890494440e+01  3.4317356e-07  4.69704e+05  3.43174e-07
1.909399385e+01  3.5993613e-07  4.89315e+05  3.59936e-07
1.928493379e+01  3.9764291e-07  5.08395e+05  3.97643e-07
1.947778312e+01  4.0317164e-07  5.28944e+05  4.03172e-07
1.967256096e+01  3.9098940e-07  5.50327e+05  3.90989e-07
1.986928656e+01  4.0666779e-07  5.72555e+05  4.06668e-07
2.006797943e+01  4.3027118e-07  5.95698e+05  4.30271e-07
2.026865922e+01  4.5630311e-07  6.19768e+05  4.56303e-07
2.047134582e+01  4.8276913e-07  6.44814e+05  4.82769e-07
2.067605928e+01  4.9669049e-07  6.70876e+05  4.96690e-07
2.088281987e+01  5.3026534e-07  6.98012e+05  5.30265e-07
2.109164807e+01  5.6079917e-07  7.26235e+05  5.60799e-07
2.130256455e+01  5.8475699e-07  7.55600e+05  5.84757e-07
2.151559019e+01  6.3276009e-07  7.86150e+05  6.32760e-07
2.173074609e+01  6.7490641e-07  8.17953e+05  6.74906e-07
2.194805356e+01  6.9052966e-07  8.51032e+05  6.90530e-07
2.216753409e+01  7.5644819e-07  8.85457e+05  7.56448e-07
2.238920943e+01  7.9193698e-07  9.21643e+05  7.91937e-07
2.261310153e+01  7.9743584e-07  9.58550e+05  7.97436e-07
2.283923254e+01  8.6976575e-07  9.97354e+05  8.69766e-07
2.306762487e+01  8.9605360e-07  1.03772e+06  8.96054e-07
2.329830112e+01  9.1421269e-07  1.07971e+06  9.14213e-07
2.353128413e+01  9.3072425e-07  1.12344e+06  9.30724e-07
2.376659697e+01  9.0155478e-07  1.16896e+06  9.01555e-07
2.400426294e+01  8.9766613e-07  1.21625e+06  8.97666e-07
2.424430557e+01  1.0422577e-06  1.26549e+06  1.04226e-06
2.448674862e+01  1.0803797e-06  1.31672e+06  1.08038e-06
2.473161611e+01  1.0975244e-06  1.37005e+06  1.09752e-06
2.497893227e+01  1.0687748e-06  1.42557e+06  1.06877e-06